 .3924741 
 .1702758 
 .1686623 
 .1545379 
 .1486168 
 .1431275 
 .1400061 
 .134602 
 .1296068 
 .1262109 
 .1240451 
 .1193877 
 .1166117 
 .1124184 
 .1094434 
 .1073588 
 .1053648 
 .1027217 
 .1011363 
 9.704406E-02 
 9.484166E-02 
 9.318745E-02 
 9.036738E-02 
 8.746793E-02 
 8.318835E-02 
 7.889886E-02 
 7.634309E-02 
 7.423163E-02 
 7.171682E-02 
 7.009692E-02 
 .0669428 
 6.453554E-02 
 6.408104E-02 
 6.085672E-02 
 5.898003E-02 
 5.581737E-02 
 5.339018E-02 
 5.232801E-02 
 5.160514E-02 
 5.164636E-02 
 5.014752E-02 
 4.878547E-02 
 4.708341E-02 
 4.493085E-02 
 4.210017E-02 
 3.868164E-02 
 3.803496E-02 
 3.491186E-02 
 3.362713E-02 
 .0323 
 3.001582E-02 
 2.773314E-02 
 2.813591E-02 
 .0270474 
 2.521332E-02 
 2.346328E-02 
 2.186344E-02 
 2.072857E-02 
 1.878887E-02 
 1.713468E-02 
 1.429895E-02 
 1.232723E-02 
 1.201664E-02 
 1.148974E-02 
 9.303138E-03 
 7.857156E-03 
 4.728559E-03 
 4.43166E-03 
 3.169336E-03 
 6.261377E-04 
-3.734389E-05 
-4.927841E-06 
-2.305317E-04 
-6.470708E-04 
-2.11086E-03 
-3.258318E-03 
-3.244183E-03 
-2.381389E-03 
-3.440559E-03 
-3.261265E-03 
-2.021546E-03 
-3.160824E-03 
-2.483204E-03 
-2.955309E-03 
-2.676774E-03 
-1.872107E-03 
-1.726594E-03 
-3.622459E-03 
-4.756475E-03 
-4.917238E-03 
-5.001978E-03 
-6.243128E-03 
-6.633245E-03 
-7.284337E-03 
-7.015068E-03 
-7.409588E-03 
-7.321663E-03 
-6.796325E-03 
-6.300825E-03 
-8.346823E-03 
-.0073546 
-8.435833E-03 
-7.152993E-03 
-9.115811E-03 
-9.694377E-03 
-8.434741E-03 
-9.710746E-03 
-1.045072E-02 
-9.699555E-03 
-1.014728E-02 
-.0117337 
-1.144942E-02 
-1.107547E-02 
-1.042573E-02 
-1.121703E-02 
-.0127199 
-1.194307E-02 
-1.083632E-02 
-1.126307E-02 
-1.311285E-02 
-1.498028E-02 
-1.511455E-02 
-1.538246E-02 
-1.537336E-02 
-1.635259E-02 
-1.738801E-02 
-1.751727E-02 
-1.778149E-02 
-.0177223 
-1.740542E-02 
-1.834645E-02 
-.0193124 
-1.981179E-02 
-1.921719E-02 
-1.731327E-02 
-1.779158E-02 
-1.905472E-02 
-1.810944E-02 
-1.946994E-02 
-2.103612E-02 
-2.293338E-02 
-.0233339 
-2.311673E-02 
-2.295944E-02 
-2.182898E-02 
-2.345513E-02 
-2.336173E-02 
-2.589693E-02 
-2.659127E-02 
-2.866764E-02 
-2.902733E-02 
-2.831101E-02 
-2.973597E-02 
-3.110469E-02 
-2.906829E-02 
-2.875962E-02 
-2.832415E-02 
-2.806192E-02 
-2.572911E-02 
-2.535152E-02 
-2.558469E-02 
-2.266179E-02 
-2.065522E-02 
-2.141781E-02 
-2.104329E-02 
-2.075056E-02 
-2.156836E-02 
-2.236013E-02 
-2.024779E-02 
-1.874313E-02 
-1.961836E-02 
-1.787781E-02 
-1.776787E-02 
-1.615945E-02 
-.0162569 
-1.652733E-02 
-1.403735E-02 
-1.138005E-02 
-1.196964E-02 
-1.189657E-02 
 1 
 180 
