 97.57389 
 65.60906 
 46.4987 
 32.17238 
 21.06211 
 15.75352 
 10.1694 
 5.092446 
 2.348261 
 .987679 
-.742487 
-2.100506 
-5.152411 
-5.347525 
-4.181591 
-.315636 
 1.227373 
 3.267401 
 2.509397 
 2.992976 
 3.542814 
 2.950189 
 2.079014 
 1.891868 
 .5381883 
-.1100676 
-1.033474 
-2.354022 
-1.600838 
-3.707493 
-5.550572 
-4.295152 
-3.769935 
-2.967498 
-1.600165 
-1.312287 
 .1336327 
 1.228699 
 2.816324 
 2.942665 
 1.744363 
 1.950435 
 2.897706 
 3.200375 
 2.176086 
 1.800057 
 .1318542 
-.9590772 
-2.005546 
-2.516339 
-3.885982 
-2.177535 
-.5212111 
 .2328917 
 .3810398 
-.670794 
 .186926 
 1.247651 
 2.0594 
 3.413905 
 3.146645 
 1.810891 
 2.671161 
 2.501172 
 1.958809 
-.3606361 
-.6579233 
-2.84683 
-5.433972 
-6.405282 
-6.086134 
-6.08674 
-4.774648 
-4.909624 
-4.482583 
-4.854243 
-3.49972 
-2.769639 
-2.057093 
-1.591905 
-.4956224 
 .9009553 
 1.108468 
 1.461261 
 1.236926 
 .9042089 
-2.547054 
-3.418273 
-4.565516 
-3.974422 
-4.012057 
-4.546456 
-4.973025 
-4.208072 
-1.066758 
 1.108588 
 2.32333 
 2.89924 
 1.719821 
 .2457888 
 .6434897 
 2.035131 
 1.811411 
-.3515671 
-.9941764 
-1.177372 
-1.266812 
-.7932613 
 .1394836 
 4.198994E-02 
 .645717 
 8.147567E-02 
 .9717574 
 2.200064 
 .8112786 
 1.182914 
 3.245279 
 4.365737 
 4.479235 
 4.308512 
 1.508093 
-.0715533 
 .723992 
 .8099307 
 .3608653 
-.2782007 
-1.219808 
-1.670751 
-2.648749 
-3.217651 
-3.047859 
-4.513494 
-5.040262 
-3.82794 
-.7346756 
-6.994277E-02 
 1.307032 
 .5445514 
 1.176348 
 .6670149 
-.2253374 
 1.60807 
 3.761691 
 3.716892 
 3.515487 
 3.81589 
 .2468294 
-1.872159 
-5.138487 
-7.565227 
-8.199808 
-9.527653 
-10.90753 
-9.922684 
-9.825573 
-8.58919 
-7.202929 
-5.40775 
-4.067353 
-1.113373 
 .7405166 
 3.732974 
 3.847928 
 2.893724 
 3.86085 
 2.824892 
 .1470119 
-.1321852 
-.7650968 
-.8002533 
-.5796078 
-2.214874 
-2.639822 
-1.902899 
-2.184469 
-1.716179 
-2.928679E-03 
 .327179 
 1.330894 
 3.296019 
 10 
 180 
