 4.997175 
 4.379732 
 5.056202 
-1.490203 
-5.865936 
 2.470751 
-10.01717 
-.8342264 
 7.028513 
 10.08821 
-3.816448 
-4.810197 
 5.355365 
 10.86756 
 4.696597 
 14.55415 
 19.40103 
 3.099434 
 13.11278 
 6.069587 
 4.938321 
 10.00314 
-3.679587 
-.3867501 
-1.035074 
-5.632547 
-1.048631 
 2.834705 
-3.701735 
-7.993653 
 2.285846 
 9.502292 
 8.948989 
 18.17681 
 22.94672 
 9.768745 
 11.70799 
 19.99989 
 8.077591 
 6.590915 
-4.835244 
 8.653892 
 10.4525 
-4.275039 
-1.230869 
-10.57539 
-17.17803 
-5.023973 
-8.813539 
-17.31051 
-17.31587 
-15.22897 
-15.70304 
-.3414506 
 11.38893 
 5.743901 
-1.272519 
-9.141083 
-14.70378 
-6.948894 
-7.14365 
-7.217459 
 2.03729E-03 
-4.211943 
 .2202134 
-6.932493 
-12.56396 
-6.953332 
-15.13168 
-11.82727 
 1.388329 
-4.793643 
 3.490558 
-.4425899 
-5.415425 
 6.299075 
 7.693258 
 8.589694 
 4.401016 
-6.603004 
-3.236596 
 2.403182 
 11.74659 
 16.50761 
 .2179359 
 1.206888 
 10.9514 
 6.131704 
 8.693892 
 6.269415 
 4.811201 
 2.539073 
-1.738736 
-3.549123 
-8.117638 
-16.57235 
-18.04753 
-1.276487 
-11.55677 
-10.91458 
-11.06913 
-8.15151 
-14.1705 
-10.74099 
-13.55685 
-6.56205 
-3.667243 
-10.95195 
 2.809118 
 5.752144 
 4.256254 
 .3848087 
-9.243796 
 .2823733 
-.7767595 
 5.5955 
 6.326469 
 12.5855 
-2.677413 
-8.934162 
-16.71048 
-21.50133 
-19.43843 
-22.89718 
-28.47111 
-19.44448 
-10.08133 
-6.13389 
 3.556311 
-7.596208 
-12.89479 
-4.873049 
-4.590919 
-6.745511 
-13.30396 
-4.547528 
 7.147108 
 5.837539 
-5.778924 
 2.120499 
-.865066 
-1.542209 
-1.291512 
-8.010694 
-9.849749 
-16.84381 
-9.854396 
-15.04233 
-.377531 
-10.01732 
-8.516206 
-11.5876 
 .7550392 
 6.616902 
-.7783498 
 3.653867 
-3.290301 
-12.29262 
-20.15192 
-18.6922 
-6.317786 
-9.427913 
-13.15195 
-9.867615 
-12.99764 
-13.14831 
-20.42412 
-15.01466 
-17.85198 
-3.913764 
-.6468641 
 5.717865 
 14.45764 
 6.230118 
 5.491135 
-6.243338 
-1.201859 
-3.039511 
 8.991256 
-2.920616 
 8.179707 
 8.756968 
 2.563308 
-6.672634 
-5.251567 
-10.55367 
 4.431519 
-5.79459 
-15.56053 
-14.86294 
-9.460723 
 3.496308 
 3.424594 
 .1774482 
 8.545251 
 14.01265 
 14.18931 
 15.51477 
 23.12554 
 12.63455 
 8.908586 
 4.253296 
 7.772415 
-2.228325 
-3.460404 
-1.424949 
 6.610785 
 5.713885 
 2.324489 
 1.880194 
-5.256575 
-.8651529 
-.8645139 
 3.766214 
 12.06275 
 5.477071 
-.8759882 
-5.647372 
-12.51157 
-8.213863 
-12.57619 
-6.933696 
-8.262901 
 3.21293 
 1.761933 
-6.241655 
 4.019109E-03 
 6.001135 
 7.048725 
 11.87488 
 .2814853 
 7.66277 
-1.736214 
 9.833441 
-3.501474 
-13.13136 
-2.27136 
-4.541223 
-4.126587 
-12.17121 
-18.01613 
-20.77759 
-25.79639 
-13.21806 
-8.640888 
-4.692975 
-10.21954 
-8.075333 
 .2044465 
 6.262972 
 2.0233 
 11.21781 
 13.97683 
 8.623901E-03 
 3.268657 
 7.499332 
-6.384965 
-6.230002 
-6.826302 
-10.32359 
 4.393248 
 10.47386 
 12.23553 
 6.741967 
 10.50054 
 2.098134 
-1.978207 
-3.026247 
 8.626122 
-3.013499 
 1.385895 
-2.699168 
-11.51799 
-15.85413 
-21.56285 
-17.03219 
-1.031441 
 .2821995 
 6.524218E-02 
 11.51305 
 1.382039 
-1.946525 
-3.915491 
-8.093936 
-5.699653 
-12.82963 
-8.745678 
 5.035225 
 4.990625 
 13.48534 
 13.44486 
 8.175872 
 10.5188 
-3.044898 
 4.033695 
 7.742412 
 5.459284 
-4.454012 
-9.87905 
-11.27137 
-1.153934 
-11.72751 
-7.940024 
 .5598912 
 7.68926 
 1.254669 
 12.35687 
 16.20289 
 15.81192 
 21.11604 
 24.19316 
 15.26008 
 1.762206 
 12.26917 
 15.97127 
 16.16672 
 9.162189 
-5.182293 
-11.75628 
-16.53754 
-11.57688 
-10.54658 
-17.08203 
-17.62904 
-9.124196 
 1.946179 
 1.340894 
-6.611692 
 4.892802 
 .4114114 
-3.983812 
 3.720398 
-4.179277 
-4.270276 
-9.44985 
 2.423535 
 4.408392 
 .1046284 
-2.604145 
 6.881901 
 6.999093 
 15.46193 
 11.46105 
 4.072331 
 11.84147 
 2.616952 
-3.960347 
-10.61846 
-11.29494 
-20.12889 
-8.502523 
 2.191119 
-3.802717 
 2.204513 
-.7317783 
 7.030931 
 10.88374 
 6.262847 
-5.757833 
-6.279354 
-8.379386 
-.8806701 
-5.179873 
 3.543454 
-5.911665 
-1.96817 
 9.655017 
 .6694043 
 11.14466 
-1.389516 
 10.74756 
 10.90065 
 10.18282 
 17.0332 
 13.98157 
 3.808921 
 11.45231 
-2.124535 
-3.000598 
 4.159559 
-3.194562 
-5.224861 
-6.223236 
-3.800937 
-8.282289 
-3.947907 
-9.857893 
-17.25499 
-2.737929 
-11.37595 
-4.431511 
 6.540194 
-1.835513 
 9.596276 
 15.24733 
 9.465818 
 6.567501 
 11.2249 
 16.13683 
 8.679356 
-1.181809 
-5.058735 
-5.716929 
-12.50391 
-6.026207 
-14.0162 
-17.16231 
-7.591457 
-5.314365 
-11.47937 
 3.713843 
 1.959169 
-10.62497 
-9.38695 
-11.82723 
-2.325466 
 7.824997 
 13.39408 
 1.733756 
-8.246065 
-17.76233 
-21.13249 
-18.06672 
-20.46563 
-2.992719 
 6.883849 
 6.89296 
 10.4853 
-1.116989 
-6.669907 
-16.20124 
-3.622843 
 4.282279 
 10.11744 
 3.170576 
 1.075358 
 2.10426 
 8.85688 
 7.877676 
-1.559339 
-8.202815 
-9.139611 
-4.745911 
-7.167564 
-4.435298 
-4.974586 
-1.783165 
-12.18225 
-7.547606 
-12.50702 
 2.283432 
 12.1298 
 20.60589 
 22.95131 
 14.19546 
 17.54061 
 24.39454 
 11.56842 
 .3714584 
 4.983325 
-8.150444 
-9.722776 
-2.276775 
-11.07192 
-17.36988 
-17.48422 
-14.94029 
-9.240722 
-11.18374 
-12.94426 
-1.78028 
-5.887197 
-7.215815 
-7.553394 
 2.882174 
-.1329999 
 5.349127 
 7.669808 
 3.208783 
 13.20965 
 12.96464 
 9.650492 
 .1855491 
 2.138896 
 7.553126 
 4.339772 
 12.90334 
 3.956153 
 6.887566 
 14.3778 
 4.969745 
 .3510138 
-11.52633 
-13.21131 
 2.298396 
 7.976166 
 7.658051 
 8.031947 
 .1136381 
 .2791572 
 7.317256 
 13.89157 
 .0590786 
 1.057365 
-1.296326 
-11.269 
-9.228088 
-1.769659 
-1.282055 
-3.17201 
 8.524459 
 17.83858 
 14.95874 
 11.46036 
 10.97573 
-2.120616 
-9.165423 
-11.79404 
-20.09015 
-22.77236 
-18.20276 
-11.828 
-7.031656 
 1.790016 
-9.802037 
-9.286544 
-17.32491 
-16.93669 
-9.599478 
-6.427823 
-2.253298 
-5.740004 
 5.822888 
 10.70674 
 9.48713 
 5.118258 
 9.293145 
-1.533558 
-11.7719 
-14.63159 
-4.182343 
 7.952505 
 1.930717 
 5.846021 
 11.24188 
-3.232716 
 4.822761 
 3.044526 
-4.940888 
-1.053829 
 9.159986 
 17.33808 
 16.10325 
-.2659911 
 3.735641 
 13.93456 
-1.940233 
 9.611004 
-3.471665 
-7.490933 
-3.350942 
 5.070771 
-7.522584 
-16.17022 
-9.991129 
-11.62614 
-10.42922 
-7.205858 
 .5141119 
-.8207316 
-4.891959 
-13.81944 
-12.083 
-6.862051 
 1.484805 
 3.009453 
 5.831886 
 11.62515 
 6.28852 
 11.69247 
 13.70971 
 14.48025 
 15.93929 
 3.925599 
 9.438182 
-3.686827 
-8.741163 
 4.675983 
 11.09513 
 1.124005 
-6.852701 
-11.2728 
 2.262477 
-4.262933 
-8.962559 
-1.201893 
 3.138597 
 8.857545 
 12.60219 
 4.358066 
 10.98202 
 13.14865 
 18.99166 
 6.83863 
 1.395264 
 2.288857 
-1.866431 
-8.501879 
-4.158523 
 .1809958 
-8.612061 
-16.79502 
-8.743159 
 1.962773 
 4.818472 
 1.621774 
-6.427244 
-4.700431 
 8.112977 
 12.32549 
 5.909045 
 3.847589 
 3.888007 
 6.994315 
-6.199978 
-.8454564 
 9.081219 
 2.617019 
-7.410126 
-7.098273 
 1.514298 
-2.358431 
-3.81812 
 3.274848 
 .8017251 
 5.902221 
 4.37931 
-4.786427 
-8.799583 
-16.29181 
-2.595109E-02 
-5.265247 
-.8977031 
-5.329227 
 4.734684 
-1.006968 
 6.44225 
-3.292202 
-7.199522 
-15.50126 
-11.23335 
-9.167437 
-4.17725 
-14.37186 
-14.672 
-19.31351 
-17.99052 
-6.546766 
-1.590076 
 10.10372 
 15.1609 
 12.13873 
 11.26113 
 .5333074 
 10.1268 
 2.835367 
 4.461448 
 5.544716 
 10.43443 
 12.66378 
 13.58177 
 16.01655 
 5.574759 
 5.187606 
 3.92645 
 4.385828 
-2.16184 
-3.584702 
-6.184774 
 7.024355 
 5.470021 
 5.915181 
 3.376647 
-8.93321 
-9.344829 
-15.45865 
-7.304058 
-13.62412 
-17.05307 
-15.20154 
-20.66274 
-11.96172 
-3.637012 
-4.062764 
-4.820205 
-7.417901 
-.42955 
-7.262522 
-16.24426 
-2.243383 
-12.67696 
-10.05615 
-1.389136 
 5.196208 
 11.53206 
 1.198635 
 9.821369E-02 
 8.991919 
 14.38301 
 8.101398 
 4.87758 
-.1799638 
-6.207155 
 3.010123 
 3.224357 
 3.230448 
 5.37875 
-6.143287 
 .7287268 
-5.346807 
-14.5453 
-15.83919 
-.1470705 
-4.299645 
 .5095617 
-2.946085 
-5.258278 
-7.953831 
-12.59658 
-15.97171 
-13.27103 
-6.630721 
-11.00368 
-3.347487 
-.2108386 
 2.341936 
-8.539765 
-17.13875 
-20.64945 
-20.90203 
-17.38456 
-10.38284 
-12.56497 
-.8200251 
 9.065267 
 7.120488 
 2.359544 
-10.37062 
-13.44742 
-17.77933 
-9.180966 
 5.106927 
-.9121425 
-6.937949 
 4.22282 
-5.962539 
-2.566845 
 .7591135 
 3.213794 
 6.995595 
 13.48269 
-.1262161 
-2.649165 
 5.933764 
-1.382922 
 3.338086 
-.132185 
 8.012574 
 4.094752 
 11.06972 
 1.089279 
 6.381653 
 14.23399 
 3.322104 
 14.06182 
 21.33504 
 24.24243 
 17.86889 
 16.42254 
 10.68018 
-.6978016 
 2.969986 
 4.852628 
 12.04761 
 5.387823 
-6.985833 
-4.848885 
-14.26122 
-13.21824 
-10.62373 
-12.48569 
 2.436372 
-10.06944 
-3.555478 
 .2245002 
 .9662879 
-10.7188 
-2.398128 
-6.221317 
 7.223806 
 9.419798E-02 
-3.210433 
-6.615432 
-8.265199 
-12.31307 
-6.544219 
 .2298105 
-5.456214 
-2.070571 
 .3842167 
 12.17167 
 19.15275 
 7.618969 
 12.95908 
 15.79931 
 9.047404 
 9.612265 
 6.712998 
 4.75903 
-5.494356 
 7.455732 
-2.49013 
 .3924846 
 4.682303 
-6.121107 
-.7122555 
 5.264237 
 10.54975 
 5.875869 
-5.918995 
-4.235065 
-1.214892 
-11.54281 
-10.36762 
-16.66048 
-20.48195 
-19.12507 
-1.763626 
 1.269438 
-4.548958 
-5.278439 
-4.497313 
-13.80177 
-10.87375 
-9.284832 
 4.158118 
-2.532121 
-9.722246 
-6.79674 
-8.644074 
-5.860493 
-6.69508 
-10.61449 
-18.07123 
-9.486653 
-10.05501 
-6.058684 
 4.924964 
 1.651651 
 3.470669 
-.4107676 
-11.02792 
-17.34574 
-20.97573 
-23.5903 
-10.54372 
-13.23731 
-18.21915 
-24.11179 
-12.55393 
-.6153815 
-1.889123E-02 
 7.270885 
 16.91612 
 12.67931 
-1.4144 
 2.021465 
-2.69328 
-7.295901 
-.7777829 
-2.930522 
-4.896213 
-10.64062 
 1.513389 
-7.373862 
-7.652048 
-2.824328 
-.82557 
 4.973152 
-5.579834 
-8.229077 
-17.81034 
-5.850316 
 6.042463 
-.544912 
-7.030372 
 5.963811 
-3.277075 
-4.349914 
-6.436343 
-8.844925 
 5.310122 
 5.709236 
 4.722546 
-5.497679 
 5.738222 
-7.267802 
 1.901562 
 6.672702 
-1.436605 
 9.694973 
 6.120779 
 9.802753 
 4.504591 
-3.279998 
 .1459625 
 1.343993 
 3.255744E-02 
 3.64263 
 9.051531 
-4.076769 
-11.22204 
-17.70841 
-23.52807 
-15.6984 
-.1306452 
-6.733032 
-8.529082 
 3.373867 
 1.940873 
-5.111664 
 4.828836 
-7.010723 
-13.90186 
 1.324735 
 9.041544 
 14.29946 
 22.25476 
 9.57172 
 10.78359 
 10.75994 
 19.09743 
 11.71931 
-2.376539 
 7.472713 
-2.838086 
-8.109845 
-3.175517 
-5.533255 
-3.25055 
 7.821481 
 6.717263 
 15.94284 
 17.80312 
 10.41266 
 13.64585 
 11.53603 
 6.907757 
-6.082739 
-15.53082 
-14.4104 
-12.32989 
-12.06981 
-5.443411 
-11.65251 
-9.914981 
-15.41463 
 .3983568 
-5.176658 
-14.39475 
-2.89338 
 3.024927 
-3.851655 
 4.286585 
 12.03662 
 20.32445 
 8.966248 
 5.506752 
 13.94474 
 20.21721 
 14.44254 
 19.63726 
 15.78423 
 9.388219 
 14.44755 
 15.81694 
 20.88704 
 6.519471 
 11.3002 
 12.11072 
 18.68988 
 21.43318 
 22.03847 
 22.44205 
 15.39291 
 16.76051 
 13.53802 
 1.536474 
-3.472238 
-3.259367 
 7.230027 
 14.04311 
 7.226219 
 16.44698 
 11.82405 
 20.18314 
 13.12786 
 16.14431 
 6.890691 
-5.288332 
 5.429603 
 5.799404 
 12.90943 
 16.72662 
 18.44163 
 23.45152 
 5.848581 
 12.05351 
 2.018783 
-4.016504 
-13.71476 
-.0246477 
 11.81207 
 2.673704 
 2.875585 
-1.750923 
-8.20557 
-13.10405 
-18.34469 
-10.5607 
-5.455971 
 4.757284 
-6.584687 
-11.96893 
-5.299695 
-4.743595 
-8.581855 
 1.955602 
-3.283457 
 9.151532 
 4.043146 
 9.958611 
 14.52746 
 12.98858 
 5.792004 
 6.210756 
 8.333261 
 7.970418 
-5.001958 
 4.675319 
-7.351043 
-13.7045 
-14.25326 
-11.7409 
-10.24419 
 1.323199 
-9.812617 
 2.622679 
-4.432852 
-14.01268 
-3.21158 
-13.52596 
-18.47818 
-9.09696 
-12.2454 
-.4493437 
-7.34744 
-11.88574 
-8.340644 
-3.056982 
 .4043502 
-9.403432 
 4.022928 
 2.790241E-02 
-3.680924 
-13.78649 
-.3890014 
-.4341328 
-2.555527 
 8.628987 
 .1327429 
 1.405362 
-10.03978 
 .4443583 
-.4111545 
 .8128074 
-2.410852 
-10.2784 
-1.690676 
-7.988154 
-12.73056 
-13.38036 
-11.40493 
-2.297943 
-10.89186 
-9.337661 
 1.199247 
 2.633654 
 8.402099 
 1.006089 
-9.693432 
-3.922592 
-2.741436 
 2.608535 
-1.716073 
 1.999196 
-6.800186 
 5.001544 
 .4114991 
 7.928402 
-2.482053 
-1.793021 
-12.58502 
-2.985793 
 6.127174 
-.6034818 
-2.342413 
-1.327191 
-12.9747 
-5.254889 
 7.800364 
-4.285862 
 3.738039 
-8.381176 
 5.308241 
 15.90668 
 15.93628 
 15.93842 
 3.613228 
-5.305311 
 7.52481 
 10.10086 
 16.55209 
 2.785291 
-6.485229 
-10.21012 
-18.65089 
-17.58664 
-2.819798 
-8.327457 
-1.077829 
 7.250849 
-4.835039 
 4.264123 
 10.62291 
 .3678705 
-9.338398 
-3.666097 
-12.90421 
-6.240354 
-5.389338 
 6.890434 
-2.522244 
-6.704279 
-2.20007 
-7.708871 
-10.04205 
-17.03007 
-24.20583 
-6.212993 
 1.229798 
-.8735532 
-1.604005 
-2.105111 
 7.133124 
 2.94114 
 7.11504 
 2.079482 
-1.261905 
-7.275222 
-11.80772 
-18.86281 
-6.437288 
 3.222948 
-1.762313 
-3.19876 
 9.690226 
 11.74586 
 8.160377 
 13.91109 
 6.056098 
-4.099916 
 6.908778 
 5.195872 
 10.70517 
 10.42734 
 3.701262 
 13.85571 
 6.772364 
 7.493499E-02 
-6.769153 
 1.807484 
 10.83876 
-1.625322 
 8.630468 
 9.114312 
 15.96773 
 17.63273 
 8.422819 
 6.94415 
 12.81821 
 .749661 
 7.644866 
 3.730813 
 3.728376 
-7.726677 
-16.27045 
-3.491833 
 9.244364 
-5.051421 
 .1892273 
 11.14692 
-1.25023 
-3.692796 
-2.812317 
 7.690276 
-2.521636 
 6.088389 
 8.051498 
-.981815 
-11.68959 
 1.624362 
 .9354939 
 4.800142 
-7.097222 
-16.8612 
-.9924641 
-7.741696 
 3.996763 
 1.535535 
-6.90482 
-10.08242 
-1.138288 
 7.765696 
-.3704964 
-3.96723 
 6.089515 
 13.04379 
 7.273587 
 7.514908 
-2.159344 
 9.22895 
 .7379082 
-11.16624 
-12.28642 
-6.346426 
-7.469054 
-1.888827 
 4.517591 
 8.347166 
-1.677989 
-11.92552 
-14.67428 
-17.79799 
-1.172537 
-8.65684 
-2.400271 
 8.200497 
 .3232181 
-5.674704 
 2.517686 
 8.067079 
 3.075569 
-6.161177 
-2.683095 
-11.12609 
-13.48522 
-.97811 
 3.400219 
 1.589102 
 2.739028 
-4.535353 
-14.96883 
-16.62441 
-.9052896 
-11.43469 
 .3844925 
-9.88811 
-1.721438 
-6.847709 
 5.108609 
-7.181226 
-2.751421 
-1.977965 
 7.686481 
 4.162435 
 10.99014 
 15.76206 
 .8515584 
 2.570547 
 2.024487 
 8.535027 
 4.41461 
 14.71945 
 1.831318 
 5.492558 
 8.593266 
 11.79446 
 8.338474 
 17.81055 
 21.283 
 7.273246 
 9.173936 
 1.128301 
 9.786963 
 12.65266 
 6.484385 
-5.126796 
-.802841 
-10.08804 
-3.003768 
-6.759995 
-14.8387 
-7.377139 
-4.089328 
-.9969887 
 7.549151 
 15.90655 
 4.355105 
-5.414997 
 1.371834 
 8.514088 
 1.723308 
 9.695711 
 13.66422 
 6.908017 
 6.976561 
 1.852434 
 1.848725 
 .7066814 
 2.609213 
 8.519652 
 1.879153 
-4.412897 
 5.717013 
-1.759273 
-9.534761 
-15.04675 
-17.01588 
-20.00123 
-13.70523 
 1.403153 
-1.564128 
-6.024249 
-.1298627 
-6.606568 
-4.323063E-02 
-4.190354 
-13.93608 
 .8307908 
-4.905604 
 .7302147 
 12.60667 
 6.088523 
 1.084873 
-.2456148 
 5.140761 
-2.252014 
 7.42372 
 12.12186 
 7.791846 
-3.514379 
-9.810302 
-13.19125 
 2.588543 
-9.894552 
-11.24821 
-2.90182 
-7.243232 
-9.61665 
-15.3784 
-15.28061 
-11.46881 
 2.098017 
-9.676921 
-.5284544 
-10.70972 
-4.503237 
 1.314738 
 7.677406 
 3.184879 
 8.578036 
-1.788372 
 9.306685 
 2.382091 
-8.747192 
-11.11104 
-4.302118 
-11.29517 
 1.101182 
-7.381494 
-6.845826 
 5.452578 
 3.09303 
 14.06332 
 8.381546 
 12.43936 
 14.05346 
 2.899427 
-6.034967 
-.401428 
 11.45183 
 14.81305 
 12.23284 
 5.917707 
-1.176864 
 5.565721 
-2.37487 
 3.113577 
 4.880064 
-4.101174 
 8.201849 
 13.53522 
 13.5548 
-.7861855 
-1.401935 
-10.72093 
-3.780576 
 4.054394 
 1.839311 
-10.59195 
-6.807179 
-2.145674 
 7.282065 
 .7159298 
-4.814474 
-.6934289 
-3.764802 
-1.599601 
 2.168636 
 5.331909 
-4.62704 
 1.261459 
 11.6623 
 14.91219 
 21.40655 
 6.801054 
 .0312342 
 5.502207 
-2.05581 
 9.492886 
 17.73574 
 21.14289 
 24.87906 
 10.23848 
 17.66788 
 3.251015 
 9.406073 
 12.29069 
 19.29361 
 12.7932 
 19.04568 
 5.596856 
 3.903986 
-.2244389 
 2.215069 
-9.67578 
-10.62345 
-2.060229 
-11.71531 
-14.71906 
-21.00958 
-6.878177 
-12.13327 
-2.016461 
 10.1252 
 14.47926 
 9.868905 
 11.45805 
 2.780619 
-8.180598 
-9.73059 
-13.22312 
-10.94839 
-11.92572 
-5.085241 
-5.343896 
 4.464573 
 2.359382 
 .4343698 
 3.281225 
 6.503678 
 16.70775 
 .7318465 
 1.723304 
-9.581851 
-4.169291 
-10.98987 
-7.975748 
-6.960903 
 6.895576 
 7.340337 
 11.3449 
 2.912354 
 11.76692 
 16.82419 
 7.782882 
 14.40728 
 10.5853 
 .5290853 
 9.735892 
 6.637813 
 16.48307 
 .3549799 
 11.69773 
 16.82036 
 6.841352 
-2.256041 
-2.989132 
 2.351123 
-3.626504 
 8.687905 
-1.468235 
 2.705071 
-8.983441 
 2.685328 
-8.880875 
-6.679831 
-5.446635 
-13.35788 
-19.26883 
-17.0479 
-22.9899 
-5.200967 
 8.216396 
 7.669411 
-6.52055 
-1.782367 
 4.732346 
 .6858494 
 2.124026 
-6.645511 
-.6615543 
-7.462406 
-3.067711 
 6.351916 
 5.767008 
 15.43189 
 7.960263 
 8.736619 
-2.562954 
 3.956252 
 8.059893 
 14.82061 
 18.31634 
 17.07593 
 6.672664 
 3.613507 
 4.789782 
-6.911989 
-14.21271 
 .7360217 
-5.444525 
 5.277721 
 5.653533 
-3.275136 
 6.525511 
-2.284917 
-6.284134 
-15.46174 
-12.31269 
-12.91631 
-6.293493 
-7.603639 
 5.130275 
 9.302554 
-3.927932 
-6.659169 
-7.579334 
-3.677141 
-8.733702 
 4.289038 
 1.04567 
-4.494433 
 7.12413 
 10.07305 
 17.73988 
 12.24505 
 4.404925 
 10.42479 
-3.090316 
-11.9487 
-3.628901 
-9.389261 
-9.955442 
-.568592 
-7.269883 
-9.134198 
-11.89491 
-8.864975 
 4.938905 
 7.525414 
 13.41139 
 8.842925 
 2.171942 
 10.44031 
 9.727455 
 2.846812 
 3.30137 
-9.127338 
 2.615501 
 .5456183 
 1.992475 
-6.775532 
-12.37744 
-6.377446 
-15.01546 
 1.194901 
 11.47256 
 17.63148 
 21.13686 
 26.00707 
 15.75609 
 19.51233 
 11.10717 
 6.777596 
 13.12693 
 17.1596 
 15.35516 
 8.818158 
-2.505244 
 2.318112 
-7.272912 
-17.25921 
-17.04683 
-10.01932 
-10.84326 
-3.402269 
-1.248201 
-6.037575 
-11.22759 
-9.492993 
-8.315679 
-9.108267 
 5.227577 
-.1487384 
-3.498364 
 8.977748 
 1.538322 
-4.637999 
-9.75469 
-2.932495 
-1.543033 
 9.395462 
 5.551871 
 5.96149 
-.1939092 
-7.935151 
-15.67271 
-3.609063 
-3.38545 
-3.599102 
-6.279083 
-15.42763 
 .2480585 
 2.385186 
-3.736986 
-3.413223 
-6.46583 
 3.636508 
 7.621809 
 14.76685 
 3.457973 
-6.954883 
-5.707905 
-13.1814 
-17.70768 
-12.65897 
-.8959306 
 3.73256 
 9.302328 
-4.219078 
-9.558809 
-4.518622 
 8.610411 
 12.95127 
 1.425105 
 3.552463 
 6.365707 
 14.95121 
 10.89532 
 8.429018 
 3.349339 
 2.115245 
 9.154463 
 16.32572 
 14.57885 
 21.62003 
 6.918692 
 14.44283 
 21.05814 
 12.18054 
 20.22457 
 12.08208 
 13.16182 
 11.18422 
 5.1136 
 3.462836 
 8.395815 
 10.17217 
 7.826498 
-6.439735 
-.9838355 
 8.71654 
 2.140436 
 .484253 
 10.1706 
 7.841683 
 4.751752 
-4.157057 
-1.414074 
-7.414933 
-4.987046 
 2.34417 
-9.152573 
-5.218403 
-4.992254 
-3.182629 
-8.220802 
-2.304789 
-5.766599 
-.7743999 
 7.491766 
 1.347608 
-4.87229 
-12.62426 
-1.523309 
-4.545896 
-1.338046 
-6.927426 
-7.391511 
 4.152617 
-1.211743 
-7.534565 
-15.52883 
-15.83172 
-.5226651 
-11.70268 
 2.062576 
-5.943511 
-10.99199 
-5.050451 
-11.09046 
-4.779092 
-3.289036 
-8.531456 
-15.45832 
-6.676095 
-13.23131 
-17.54195 
-24.06945 
-25.02308 
-24.4974 
-17.77066 
-8.902002 
-.7739934 
-1.391228 
-5.192534 
 1.876096 
 13.3161 
 8.729152 
-1.274688 
 5.85355 
-3.544251 
-10.87393 
-4.736548 
-10.00422 
 .8803462 
 5.942152E-02 
-9.562248 
-1.535158 
 6.724467 
 1.256681 
-7.180223 
-.383489 
 3.1651 
 11.77145 
 15.97338 
 4.792092 
 13.04263 
 17.33702 
 3.566072 
-7.523067 
-15.48111 
-17.24347 
-18.97051 
-23.90304 
-14.65594 
-10.47137 
-12.43296 
-6.28776 
-16.25833 
-12.71335 
-19.18835 
-12.73885 
-7.151959 
 4.92965 
 3.164703 
-4.00104 
 9.251287 
 2.549726 
 .6472667 
 10.8171 
 6.287125 
 10.96886 
-1.290545 
-7.381122 
 2.091413 
-8.676931 
-12.84005 
-20.09134 
-20.75542 
-17.39972 
-7.406056 
-3.041807 
 7.44334 
 12.36002 
 11.96986 
 14.31637 
 21.72286 
 9.915208 
 2.492939 
 4.086393 
 13.84216 
 20.69154 
 19.95557 
 10.32976 
-1.901308 
-1.154583 
-10.83628 
-13.02083 
-13.15565 
 .7709855 
 9.210234 
-.3978015 
-10.4808 
-10.67572 
-1.148792 
 10.3582 
 10.95103 
 7.238674 
-.449973 
-6.683162 
 .7643164 
 6.511933 
-3.588951 
 2.396877 
-6.799466 
-10.4322 
-7.88598 
-10.30516 
 1.975336 
 5.748577 
 7.818025 
 14.09581 
 6.0204 
 .5932322 
 9.216846 
 14.58339 
 18.25551 
 21.4077 
 20.41866 
 14.69459 
 7.752756 
 9.008603 
-3.216448 
-8.842805 
 .2341518 
-10.41091 
-10.37651 
-18.69525 
-8.469275 
-6.415222 
 .7449666 
-.7447296 
-2.814567 
 5.115176 
 10.3541 
 9.250137 
 3.483781 
-7.46083 
-3.769611 
-4.208066 
-6.312608 
-1.212132 
 1.659405 
 1.939992 
 6.071367 
-6.204938 
-8.991158 
-2.260109 
 3.958668 
 10.843 
 11.13678 
-2.590893 
 2.229366 
 11.53583 
 19.56151 
 17.28711 
 13.42015 
 15.86851 
 5.020802 
 6.259372 
 4.466887 
 3.522071 
-.8302735 
-4.591977 
-8.145028 
-7.186373 
 3.042603 
-1.108593 
-10.61949 
-3.814439 
 1.095266 
 7.685549 
 4.058787 
-8.097075 
-7.114505 
 1.985242 
 2.934553 
 2.245658 
 9.907456 
 7.549092 
 14.31647 
 7.09866 
-3.329554 
-11.59386 
-3.030455 
-11.21754 
-14.4689 
-20.30905 
-16.13654 
-14.89315 
-7.463824 
 3.017832 
 3.921658 
 14.15821 
 21.65666 
 16.85096 
 10.58474 
 10.01511 
 10.15781 
 .595372 
 8.924325 
 3.32121 
 3.415518 
-9.553975 
-15.34628 
-3.288773 
-3.386973 
 4.573639 
 2.590886 
-8.421225 
-12.42525 
-20.27844 
-20.07815 
-17.43096 
-11.63648 
-.4234851 
-10.89747 
-2.965755 
 2.324129 
-4.59786 
-4.082984 
 3.770694 
 10.79203 
 17.24136 
 11.14598 
 2.034119 
-2.341358 
 4.859536 
 12.18623 
 .7827595 
-1.436632 
-5.518732 
-11.93687 
-4.855582 
-15.54194 
-4.910191 
-3.086214 
 6.339461 
 14.75102 
 14.85684 
 21.59957 
 7.715064 
-4.796145E-03 
 8.685494 
 17.46845 
 18.33389 
 2.461332 
-2.175208 
-7.888186 
-16.95973 
-21.88641 
-9.503802 
-2.464776 
 8.168105 
-3.130996 
 7.775632 
 9.623357 
 13.68859 
 3.60171 
 5.690001 
 6.213603 
-6.088214 
-4.354207 
 3.898978 
 4.842193 
 13.00712 
 16.94401 
 16.73948 
 13.86907 
-.7494433 
-9.752942 
-4.1288 
-2.049892 
-8.033356 
-5.439346E-02 
 3.888944 
 14.5466 
 7.584091 
-6.266167 
 3.11919 
 8.896204 
 7.207411 
-.7687207 
-5.938724 
-13.99071 
-5.908612 
 3.067449 
-8.477551 
 6.228227E-02 
 10.98937 
 6.945227 
 12.00895 
 12.42997 
 1.245862 
-7.560272 
 1.989079 
 4.468327 
 3.376665 
 8.845132 
 5.570483 
 .6882079 
-3.220545 
-6.353761 
 1.794136 
 7.463778 
 8.340553 
 3.598308 
-7.206508 
-8.470664 
-13.15738 
-4.912602 
-5.734989 
-11.29125 
-5.350485 
 6.883785 
 4.255645 
 9.268626 
 17.74666 
 3.622137 
 2.35347 
-4.707414 
-11.29406 
-1.350185 
 9.025936 
-3.215324 
-3.809752 
 1.01112 
 1.15818 
 8.682838 
 15.8752 
 14.54618 
 16.33898 
 21.48403 
 18.20452 
 21.29369 
 9.55944 
-1.943167 
 5.239443 
-6.961581 
 2.756351 
-7.041207 
-14.34754 
-14.04464 
-15.39649 
-21.79797 
-11.46116 
 2.361472 
 13.66723 
 14.28919 
 14.7431 
 7.845477 
 2.221168 
 5.260567 
 12.27912 
 20.15561 
 18.00728 
 23.7129 
 22.49722 
 10.94281 
-2.246479 
 3.512402 
 1.88344 
-5.9842 
-12.12629 
-15.16693 
-4.049561 
 7.496202 
 .2751226 
-6.641897 
-14.85363 
-11.02008 
-8.247861 
-10.42554 
-19.15961 
-19.15239 
-11.71303 
 .3642551 
-9.099142 
-18.19219 
-13.03604 
 .8350605 
 6.882996 
 13.88541 
 17.83437 
 13.43608 
 7.019659 
 12.80985 
 12.96807 
 2.680608 
 13.22679 
 5.482687 
 7.841049 
 13.31214 
 12.89055 
 2.972319 
 .1270596 
-2.910898 
 3.711352 
 11.71097 
 20.19868 
 15.04444 
 21.88113 
 14.60425 
 16.4926 
 22.64233 
 23.85294 
 23.33021 
 15.97842 
 2.960337 
-1.482554 
 10.35182 
 10.82011 
 7.330391 
-4.904314 
 4.980599 
-7.47854 
-7.781148 
-12.69428 
-18.42066 
-10.87773 
 3.757805 
-8.087572 
-15.98473 
-13.71812 
-5.524234 
 3.354519 
 3.582427 
-6.50219 
-7.80621 
-7.970115 
 5.429838 
 4.2679 
 5.278616 
 11.24939 
 14.42727 
 4.768775 
-7.145116 
-7.003992 
-15.19 
-20.38634 
-15.54595 
-4.103375 
-1.10649 
-10.98458 
-9.9523 
-5.638274 
-1.350016 
-8.928657 
 .7661084 
 5.241461 
 6.865375 
-4.434408 
-9.960503 
 2.651581 
 9.100916 
 5.79371 
 11.82395 
 5.181141 
 13.33268 
 20.62992 
 8.507577 
 10.27717 
 6.492762 
-6.742666 
 6.06476 
-6.896893 
-12.6323 
-4.038113 
 1.830152 
 7.068373 
 5.449098 
 7.340241 
 .771479 
 8.590922 
 8.868717 
 5.586196 
 9.770528 
-2.662233 
-3.533158 
-5.847795 
-10.33846 
-13.10882 
-17.9339 
-3.692559 
 9.306705 
 4.56972 
 9.874736 
-4.696818 
 3.225784 
 8.083847 
-4.671434 
-1.650908 
-12.62214 
-9.958004 
-2.903222 
 2.482316 
-7.265483 
-16.08533 
-11.62446 
-3.255475 
 6.604565 
 8.865269 
 2.718173 
-4.49062 
-9.24278 
 2.766896 
 10.80739 
 6.904978 
 4.707505 
 6.101594 
 6.733835 
 11.48259 
 2.970062 
-2.177536 
-2.800457 
-1.174684 
-5.072867 
-3.713174 
-7.830466 
-12.99169 
-19.68436 
-18.26543 
-4.66514 
-.5019903 
 5.836398 
 8.317862 
 14.81212 
 14.07947 
 13.8951 
 4.008852 
 2.42153 
 12.2914 
 11.63196 
-.7048356 
 8.328319 
-5.196406 
 3.49252 
-.9120948 
-10.07788 
-1.680771 
 3.679522 
 14.72305 
 7.790008 
 7.134803 
 3.664825 
-2.807109 
-6.45443 
 1.329834 
-5.132415 
-14.4516 
-7.419998 
-13.40742 
-15.72375 
-10.35781 
-19.31923 
-7.593366 
-6.467963 
-11.66257 
-12.62016 
-19.77665 
-24.46606 
-28.16087 
-9.801484 
-18.05145 
-1.41065 
-12.75897 
-13.04428 
-16.22034 
-11.94709 
-4.728021 
-12.23307 
 1.176647 
-1.551111 
-9.198421 
-16.68937 
-2.519954 
-7.924672 
-4.913196 
-2.752352 
-10.08252 
-4.540563E-02 
 12.01644 
-2.232651 
-11.68365 
-.3563504 
 6.366352 
 .6222897 
 3.924063 
-5.356025 
 7.871766 
 1.412884 
-9.187932 
 3.230736 
 11.19794 
 10.58271 
 12.16763 
 20.0276 
 7.96636 
-5.149218 
 6.404505 
 12.96645 
 1.629392 
 6.403018 
 8.615747 
 9.11582 
-5.091059 
 7.623434 
 15.15398 
 4.392202 
 2.95998 
 11.18517 
 6.798523 
 16.85231 
 5.44723 
 12.86334 
-.366758 
-3.866014 
-4.118946 
-.1203994 
 10.47461 
 17.33371 
 21.99033 
 7.392891 
 14.26344 
 14.57525 
 .3388419 
-4.44729 
-2.459128 
 1.413037 
 5.959965 
-.8188184 
-5.472774 
-6.053961 
-7.952273 
-2.368311 
 2.118797 
-1.032684 
-1.451272 
-5.538603 
 2.325365 
 12.18686 
 10.35528 
-1.658203 
-7.044698 
 4.162869 
 6.729007 
 1.161405 
-1.887655 
-5.151714 
 7.351107 
 8.267125 
 .7768762 
 5.813399 
 12.81549 
-.6313595 
 1.627337 
 11.72621 
-.8599134 
 6.819073 
-1.942878 
 10.59613 
 3.169965 
-1.800983 
-.8252873 
 4.562567 
 4.682941 
 7.647558 
 6.348193 
 10.62065 
 5.645345 
 1.933514 
 4.288701 
 12.20465 
 .553256 
-10.04091 
-13.38688 
-10.05232 
-14.85453 
-3.97282 
-12.86933 
-13.16552 
-4.256158 
-11.68463 
-11.7795 
-5.351665 
 2.763896 
 .170562 
-2.757048 
-9.253406 
-9.605163 
 2.544233 
-.2576838 
-10.13431 
 4.588562 
 2.288675 
 7.308796 
-.1048236 
-6.945964 
-2.053389 
 9.710969 
 12.30909 
 15.47908 
 12.10058 
 12.01834 
 10.87811 
 12.24125 
 8.367548 
-4.611417 
 4.648441 
 8.655162 
 4.333698 
-.3707455 
 8.501329 
-3.085497 
 8.819242 
 13.61094 
 13.7429 
 10.92297 
 6.007398 
 2.190313 
-10.46905 
-13.22404 
-13.52306 
-3.059628 
 8.670259 
 9.061689 
 17.44435 
 2.755458 
 5.514103 
 9.518114 
 .6234788 
 2.554441 
-2.104535 
-2.850245 
 9.709548 
 18.40733 
 16.0103 
 12.35454 
 .4025579 
-2.783139 
 9.018521 
-1.535382 
 .8620923 
-2.86096 
-3.236945 
-.1055314 
 8.153391 
 .3526671 
 9.143603 
-3.518322 
-5.453065 
 4.305909 
 12.27051 
 1.126177 
 10.97458 
 18.71567 
 15.79674 
 112 
 6 
 10 
