 1.068347 
-.303187 
 .4299512 
 1.306399 
 1.878859 
 .587052 
 .3404948 
 1.352611 
 2.152686 
 1.77722 
 3.053288 
 4.063262 
 2.780308 
 4.011729 
 3.591203 
 3.625289 
 4.337421 
 3.0441 
 3.272883 
 3.152825 
 2.556387 
 2.874679 
 3.260178 
 2.56642 
 1.923074 
 2.827618 
 3.708645 
 3.921619 
 5.244058 
 6.34301 
 5.515317 
 6.007116 
 7.291852 
 6.502555 
 6.533032 
 5.366017 
 6.71146 
 7.138377 
 5.711466 
 5.865464 
 4.687367 
 3.529253 
 4.331313 
 3.684882 
 2.376024 
 1.780576 
 1.432527 
 .8609765 
 2.108641 
 3.431488 
 3.12132 
 2.469506 
 1.494148 
 .535112 
 .9403198 
 .6791767 
 .4281624 
 1.019658 
 .5228667 
 .8906471 
 6.287628E-02 
-.8170412 
-.5755112 
-1.743989 
-1.84442 
-.6899431 
-1.351382 
-.539287 
-.8730716 
-1.453454 
-.2646303 
 .1069243 
 .4633173 
 .2583776 
-.870024 
-.6904718 
-.1389943 
 1.020966 
 1.948487 
 .5923551 
 .7079182 
 1.866344 
 1.652567 
 2.134534 
 2.120272 
 2.13775 
 2.012913 
 1.582644 
 1.30047 
 .6427451 
-.6081448 
-1.319465 
 3.521942E-02 
-1.194749 
-1.490151 
-1.853467 
-1.863414 
-2.809254 
-2.852964 
-3.50447 
-3.109213 
-2.960614 
-3.8938 
-2.627136 
-2.168461 
-2.129944 
-2.415581 
-3.49118 
-2.661307 
-2.74798 
-2.010339 
-1.721329 
-.7725008 
-2.112532 
-2.902707 
-4.067078 
-5.131709 
-5.552227 
-6.538312 
-7.873112 
-7.692122 
-7.176142 
-6.981833 
-5.995814 
-7.107325 
-7.899703 
-7.320455 
-7.376212 
-7.703576 
-8.607504 
-7.949886 
-6.670393 
-6.519741 
-7.604367 
-6.807325 
-7.01481 
-7.052124 
-7.004241 
-7.753659 
-8.153701 
-9.205941 
-8.863337 
-9.700074 
-8.406527 
-9.44926 
-9.512912 
-10.05457 
-8.911731 
-8.121464 
-8.67691 
-8.104716 
-8.706014 
-9.768278 
-10.9851 
-11.3728 
-10.44771 
-10.91203 
-11.54532 
-11.48569 
-12.05918 
-12.38616 
-13.5379 
-13.45307 
-14.14315 
-12.98226 
-12.60553 
-11.76687 
-10.45211 
-10.82185 
-10.59445 
-11.6638 
-11.17202 
-11.31334 
-9.911944 
-10.89302 
-9.599347 
-9.167666 
-9.503328 
-10.3915 
-10.34468 
-11.02803 
-9.536185 
-10.47675 
-11.69234 
-12.00954 
-11.75714 
-10.45628 
-10.24565 
-10.40627 
-9.3308 
-8.324846 
-7.759552 
-7.061325 
-5.600241 
-5.993403 
-5.947473 
-6.132314 
-5.524726 
-6.368712 
-6.521517 
-6.336033 
-5.392108 
-5.224146 
-5.375359 
-5.296743 
-6.006627 
-5.613379 
-5.58628 
-5.0246 
-3.892208 
-4.216283 
-4.727628 
-5.26088 
-6.188068 
-6.043289 
-6.758438 
-6.454805 
-6.77327 
-5.653319 
-5.658916 
-6.469244 
-5.88974 
-5.138557 
-4.768614 
-3.931293 
-4.83963 
-3.929799 
-4.723685 
-3.397788 
-4.579947 
-5.762524 
-4.884392 
-5.17319 
-5.22395 
-6.237665 
-7.252752 
-8.094515 
-9.279829 
-8.586373 
-8.408883 
-8.154775 
-8.8673 
-8.869102 
-8.091393 
-7.304703 
-7.515411 
-6.312154 
-5.560734 
-6.657885 
-6.215109 
-5.557005 
-6.85828 
-6.983201 
-7.18855 
-7.746644 
-6.310693 
-5.400838 
-4.798199 
-4.981449 
-4.275462 
-4.857153 
-5.210681 
-5.345438 
-4.046406 
-5.066163 
-4.607277 
-4.987793 
-6.046166 
-6.86731 
-7.981978 
-8.09125 
-6.724987 
-6.540703 
-6.491691 
-5.10291 
-5.842666 
-6.123693 
-6.354743 
-6.903708 
-6.825913 
-7.770032 
-7.644778 
-6.26587 
-6.042804 
-4.83703 
-4.348754 
-4.470601 
-3.885871 
-5.067006 
-4.29967 
-3.695574 
-3.667187 
-4.595804 
-5.323953 
-5.758111 
-4.904412 
-6.115308 
-6.004308 
-5.225068 
-4.331332 
-4.777946 
-3.406799 
-2.520991 
-2.006444 
-.8520448 
 .2087333 
-2.675312E-02 
-1.082016 
 .2005316 
 1.031104 
 1.570576 
 1.279477 
-8.776172E-02 
-1.017297 
-1.947511 
-1.901009 
-2.145251 
-3.227003 
-3.822002 
-3.383569 
-2.372441 
-2.354638 
-3.205687 
-2.063253 
-2.398998 
-2.869367 
-2.082511 
-2.85161 
-2.971818 
-3.681628 
-2.585539 
-2.250681 
-2.58004 
-2.863937 
-1.825778 
-1.567039 
-.3429748 
-.291433 
-.763777 
 .2756113 
-.4018487 
-1.071256 
-1.960443 
-2.369618 
-3.739351 
-3.023667 
-2.039102 
-2.638956 
-2.044425 
-2.290603 
-1.395392 
-.704488 
-.8720803 
-2.045279 
-2.275297 
-2.702587 
-2.086188 
-2.591205 
-1.728857 
-2.68697 
-2.399951 
-1.098533 
-1.806951 
-.5569552 
-1.631472 
-.259205 
 .1157499 
 .3914436 
 1.514933 
 1.709587 
 .9790398 
 1.977954 
 .7680511 
 .5891346 
 1.311353 
 .5861623 
 .2404047 
-4.973702E-02 
 2.517157E-02 
-.618169 
-.3847202 
-1.193877 
-2.36185 
-1.231048 
-2.307012 
-1.857451 
-.7179562 
-1.462491 
-.1880848 
 .7832486 
 .6108742 
 .5824401 
 1.331406 
 2.256067 
 1.904874 
 1.033383 
 .5363182 
 .2880241 
-.6874794 
-.3450938 
-1.463499 
-2.275001 
-1.713345 
-1.683894 
-2.554743 
-1.153314 
-1.222011 
-2.598866 
-2.780788 
-3.344937 
-2.604593 
-1.483057 
-.5668288 
-1.46607 
-2.54712 
-3.893286 
-4.830246 
-5.125733 
-5.948346 
-4.546562 
-3.459458 
-3.196964 
-2.522863 
-3.492033 
-4.135749 
-5.415909 
-4.444031 
-3.606463 
-2.755398 
-3.196651 
-3.302383 
-3.115346 
-2.235048 
-2.033722 
-2.843681 
-3.634387 
-3.977334 
-3.732069 
-4.131477 
-4.011517 
-4.180472 
-3.934613 
-5.15572 
-4.971374 
-5.744117 
-4.39155 
-3.13534 
-1.724886 
-.7568233 
-1.003263 
-.1384295 
 1.233547 
 .5448693 
-.3721077 
 .1765598 
-1.177824 
-1.616777 
-1.061553 
-2.142125 
-3.213813 
-3.768464 
-4.014336 
-3.809303 
-4.301002 
-4.830878 
-3.920683 
-4.415016 
-4.71907 
-4.949487 
-3.94434 
-4.158453 
-3.488421 
-3.009278 
-3.241654 
-1.948442 
-1.52149 
-1.461373 
-2.221716 
-1.967961 
-1.252479 
-1.36198 
-.2160774 
-.8215884 
-.3442757 
 .7516544 
 .1319879 
-.2388178 
-1.596839 
-2.156071 
-.7791899 
-3.977247E-02 
 .1871151 
 .4811928 
-.1731469 
-.1485627 
 .6751031 
 1.669322 
 .5134488 
 .6256285 
 .3824522 
-.8160759 
-.9441617 
-.3778362 
-.3761759 
-.6330751 
 .6195834 
 1.970673 
 2.207238 
 2.274969 
 2.574694 
 1.398658 
 .501066 
-.1100195 
-1.456469 
-2.414916 
-2.614727 
-2.453232 
-2.265272 
-1.455907 
-2.721431 
-2.958441 
-4.164159 
-4.649866 
-4.315261 
-4.222988 
-3.911109 
-4.349506 
-3.160233 
-2.372629 
-2.136658 
-2.307052 
-1.633043 
-2.560779 
-3.768684 
-4.450209 
-3.682029 
-2.38189 
-2.791434 
-2.247813 
-1.409335 
-2.696346 
-1.845839 
-1.873803 
-2.677178 
-2.364737 
-1.19629 
 6.252816E-02 
 .4914863 
-.8727561 
-.4106588 
 .894789 
-.4879062 
 .7871919 
-.4146066 
-.9893499 
-.7485631 
 .1210614 
-1.167463 
-2.403076 
-2.199198 
-2.696027 
-2.914776 
-2.85778 
-2.175556 
-2.291239 
-2.765914 
-3.931207 
-4.147792 
-3.902424 
-3.126098 
-2.870028 
-2.416267 
-1.530683 
-1.748302 
-.8992313 
-.2714235 
 .2727356 
 .9164669 
 4.572244E-02 
 .8115944 
-.4010401 
-1.102581 
 .1696837 
 1.063812 
 .2676751 
-.6192809 
-1.349884 
-.1450772 
-.8227318 
-1.498138 
-.8826523 
-.4122029 
 .356067 
 1.077419 
 .5303742 
 1.434097 
 2.032611 
 3.12137 
 2.313438 
 1.887458 
 2.018039 
 1.593615 
 .7497671 
 .9634614 
 1.317942 
 .2951667 
-.9372078 
-.5521371 
 .4014354 
 .792105 
 .5740322 
-.3078819 
-.3174869 
 1.010623 
 1.754967 
 1.403199 
 1.346202 
 1.464525 
 1.937156 
 .6247184 
 1.032423 
 2.140943 
 1.672766 
 .5843233 
 .370002 
 1.126924 
 .7183979 
 .4648381 
 1.153545 
 .9645302 
 1.570606 
 1.573935 
 .6441343 
 1.622296E-02 
-1.139791 
 .2127046 
-.395457 
-6.081037E-02 
-.6017277 
 .390846 
-.1199907 
 .7084348 
-.2104056 
-.7683164 
-1.957264 
-1.956485 
-2.069215 
-1.774859 
-3.072745 
-3.55131 
-4.53652 
-4.976193 
-4.198785 
-3.800723 
-2.464801 
-1.522778 
-1.356436 
-1.043762 
-1.90096 
-.7563792 
-1.256917 
-.9630646 
-.6811569 
 7.339936E-02 
 .6745594 
 1.191865 
 1.909553 
 1.213098 
 1.340352 
 1.352611 
 1.521868 
 .8952156 
 .6506472 
 .2255598 
 1.545016 
 1.582002 
 1.798288 
 1.682474 
 .3553255 
 9.435329E-03 
-1.005285 
-.5635687 
-1.529087 
-2.359672 
-2.685244 
-3.79119 
-3.430523 
-2.829734 
-2.97093 
-3.163092 
-3.590921 
-2.992947 
-3.766778 
-5.006664 
-3.875945 
-5.116807 
-5.181793 
-4.461234 
-3.702226 
-2.762214 
-3.547899 
-3.600324 
-2.53411 
-1.589524 
-1.824698 
-1.911647 
-2.315948 
-2.995168 
-2.105667 
-1.960728 
-1.834197 
-1.461268 
-2.600212 
-1.983419 
-2.641525 
-3.854366 
-4.445706 
-3.111814 
-3.565528 
-3.116609 
-3.468102 
-3.798079 
-4.245383 
-5.002143 
-5.758212 
-5.916359 
-5.528737 
-6.19796 
-5.615373 
-5.307934 
-4.967464 
-6.097952 
-7.312699 
-8.211457 
-8.840832 
-9.036826 
-8.712321 
-9.22079 
-8.187504 
-6.991638 
-6.847874 
-7.095018 
-8.417378 
-9.031709 
-9.886481 
-9.382161 
-7.941854 
-8.389949 
-9.033034 
-7.883376 
-8.842482 
-8.559474 
-8.175255 
-7.785715 
-7.165721 
-6.114561 
-7.181034 
-7.405529 
-6.428211 
-7.013894 
-6.444759 
-6.671638 
-5.669131 
-5.801113 
-4.802846 
-5.542813 
-4.840653 
-3.675075 
-4.429368 
-3.035312 
-1.701031 
-.6442254 
-.573985 
-.1456389 
-.2655084 
-1.224687 
-.8119188 
-.4883937 
 .5076984 
 .131 
-1.121781 
-1.094388 
-2.330815 
-2.657928 
-2.768162 
-3.306451 
-1.962112 
-3.306843 
-2.853989 
-2.506443 
-2.388532 
-3.682755 
-3.038914 
-3.529595 
-2.146905 
-2.710792 
-3.062566 
-3.531515 
-3.905448 
-4.607135 
-4.301523 
-3.692436 
-4.305094 
-4.051461 
-3.796127 
-2.384274 
-1.152567 
-1.841336 
-.954809 
-.1895844 
-.4462008 
-7.794088E-02 
-9.483147E-02 
-9.804731E-02 
-1.124397 
 .2012881 
-.703503 
-.4457449 
 6.714538E-02 
-1.026907 
-.5939711 
 7.875686E-02 
 .8622516 
 .6620041 
-.5130703 
-.5088235 
-.2946919 
-1.524864 
-1.754969 
-2.806656 
-3.770142 
-4.252051 
-2.835695 
-2.51547 
-3.120761 
-3.324256 
-3.37532 
-4.565099 
-4.637184 
-4.766603 
-3.473022 
-4.074204 
-4.947977 
-4.881923 
-5.271291 
-5.182847 
-5.421352 
-6.041372 
-7.193209 
-6.726781 
-7.038922 
-6.839457 
-5.702958 
-5.862058 
-5.539391 
-5.818352 
-7.000706 
-8.02513 
-8.937446 
-9.843238 
-9.017307 
-9.587145 
-10.50456 
-11.68251 
-11.02755 
-9.953644 
-9.806501 
-8.867977 
-7.426076 
-7.283663 
-8.421075 
-7.987495 
-8.386304 
-8.923814 
-8.32333 
-8.515256 
-8.754724 
-9.493179 
-8.346435 
-9.24043 
-9.424436 
-9.02601 
-8.798976 
-8.069284 
-9.044251 
-9.444876 
-10.7297 
-9.829741 
-8.551743 
-9.028568 
-9.706306 
-8.34125 
-9.129268 
-9.270959 
-9.563735 
-9.959684 
-8.517914 
-8.212224 
-8.056465 
-9.001392 
-7.795835 
-9.031614 
-8.122887 
-7.428583 
-8.071529 
-6.7532 
-6.779232 
-6.084794 
-6.313025 
-7.001063 
-6.644258 
-6.43527 
-6.478684 
-5.996459 
-5.192079 
-6.358412 
-7.255365 
-8.303145 
-9.47761 
-9.255859 
-7.88406 
-8.572964 
-8.91776 
-7.736025 
-7.713609 
-8.387831 
-7.325242 
-8.460953 
-9.404564 
-8.011409 
-6.996987 
-6.021959 
-4.571476 
-5.256772 
-4.748841 
-4.348661 
-2.987415 
-3.179817 
-4.389791 
-3.287059 
-4.198906 
-4.859948 
-4.50951 
-4.84201 
-4.713006 
-3.494673 
-3.329488 
-2.00917 
-1.248227 
-1.50199 
-.7699961 
-.5557225 
-.7041125 
-1.969715 
-3.242325 
-3.59337 
-3.79306 
-4.13239 
-3.724393 
-4.584391 
-4.722867 
-5.638606 
-4.26493 
-4.853534 
-6.041122 
-5.127842 
-4.48893 
-5.138978 
-4.275153 
-3.196135 
-1.809902 
-2.433212 
-2.512816 
-1.331511 
-.1335627 
-.1320469 
 .9459628 
 1.139622 
 .9104565 
 1.795696 
 2.412914 
 3.496689 
 2.49179 
 3.234512 
 3.669055 
 4.792391 
 5.678652 
 6.399712 
 7.110309 
 6.966314 
 7.563332 
 7.669364 
 6.653912 
 6.060176 
 5.910168 
 6.955728 
 7.912464 
 7.510162 
 8.739397 
 8.661671 
 9.931716 
 9.684526 
 10.37034 
 9.731577 
 8.455822 
 9.435614 
 9.564103 
 10.4821 
 11.2453 
 11.8841 
 12.95377 
 11.56615 
 12.36139 
 11.47768 
 10.73352 
 9.374432 
 10.41035 
 11.67374 
 10.89241 
 10.89612 
 10.34873 
 9.442896 
 8.51276 
 7.390643 
 7.611175 
 7.776933 
 8.699617 
 7.46036 
 6.547236 
 6.857772 
 6.679202 
 6.013154 
 6.887586 
 6.278761 
 7.544615 
 7.181869 
 7.927503 
 8.705435 
 8.920938 
 8.42999 
 8.586051 
 8.95119 
 9.095677 
 7.770212 
 8.646035 
 7.325548 
 6.276511 
 5.698686 
 5.462065 
 5.193384 
 6.140039 
 4.836601 
 5.901286 
 5.114419 
 3.810902 
 4.558357 
 3.215803 
 2.165523 
 2.617881 
 1.92805 
 2.867403 
 2.027373 
 1.240584 
 1.245532 
 1.568255 
 1.851661 
 .713761 
 1.947249 
 1.599268 
 1.155942 
-.1442948 
 .9496988 
 .9222443 
 .6537398 
 1.854867 
 1.139873 
 1.27997 
-8.36728E-03 
 .8714086 
 .7786245 
 .8987276 
 .5442848 
-.449463 
 .2077474 
-.5775388 
-1.383259 
-1.864773 
-2.059721 
-1.363765 
-2.4188 
-2.57479 
-1.640336 
-1.418826 
-.6515366 
-1.222113 
-2.412727 
-2.042155 
-2.014957 
-1.4675 
-1.866422 
-1.475423 
-2.411265 
-1.248583 
-1.601357 
-.7036318 
-1.637529 
-1.623641 
-2.913342 
-2.191022 
-1.215217 
-1.778437 
-1.981612 
-1.92203 
-3.292224 
-2.796108 
-1.43382 
-2.558284 
-1.747549 
-3.006788 
-1.672339 
-.2563497 
 .2745809 
 .7980592 
-.107524 
-1.017405 
 .2996025 
 .8425435 
 1.912755 
 .8498657 
-.1374772 
-.7804176 
-2.084665 
-2.556632 
-1.405995 
-2.121336 
-1.53775 
-.5960381 
-1.746894 
-.8381124 
 4.542927E-02 
-.789005 
-1.890238 
-1.524505 
-2.697513 
-2.326934 
-2.411545 
-1.147079 
-1.995587 
-2.542145 
-2.217951 
-2.90493 
-3.400096 
-4.505049 
-5.851376 
-4.513934 
-3.814562 
-3.979168 
-4.052976 
-4.123669 
-3.085193 
-3.303452 
-2.691544 
-3.01174 
-3.29926 
-4.002849 
-4.726879 
-5.884717 
-5.013696 
-4.060638 
-4.489921 
-4.669555 
-3.240064 
-2.650726 
-2.650994 
-1.691153 
-2.122639 
-3.074889 
-1.908124 
-1.85908 
-1.032804 
-.7013648 
-1.127224 
 .1790464 
-.1836504 
-.7319521 
-1.512803 
-.7305287 
 .3795735 
-.7062149 
 .4317986 
 .7682468 
 1.853092 
 2.554059 
 2.046858 
 2.13377 
 3.020345 
 2.019427 
 2.82065 
 2.59291 
 2.690086 
 1.463309 
 .2069107 
 1.143961 
 2.488571 
 1.117698 
 1.545273 
 2.801959 
 1.710088 
 1.36975 
 1.336019 
 2.443146 
 1.493168 
 2.389719 
 2.793757 
 1.98837 
 .6994088 
 1.844604 
 1.800377 
 2.259838 
 1.021601 
-.3505985 
 .9294201 
 .107849 
 1.207207 
 1.042861 
 .1082547 
-.4877484 
 .2174781 
 1.206271 
 .5107967 
 7.804748E-02 
 1.108013 
 2.101316 
 1.844474 
 2.094139 
 1.203934 
 2.436228 
 1.735879 
 .367979 
-.1335802 
 .1483876 
-.1922111 
 .2077692 
 .8833898 
 1.466099 
 .5690461 
-.675676 
-1.380081 
-2.211541 
-.8566048 
-1.751345 
-1.297003 
-.138867 
-.7767653 
-1.451237 
-.6778362 
 .0529859 
-.2578756 
-1.220769 
-1.010263 
-2.064075 
-2.683343 
-1.657117 
-1.167243 
-1.252672 
-1.054994 
-1.794427 
-3.13153 
-3.785783 
-2.481221 
-3.702799 
-2.678268 
-3.825665 
-3.170783 
-3.788346 
-2.595741 
-3.821058 
-3.508536 
-3.475261 
-2.389777 
-2.519504 
-1.568506 
-.6390533 
-1.834861 
-1.590027 
-1.552524 
-.718295 
-.9054548 
 .4395352 
-.5677546 
-7.877816E-02 
 .4614419 
 1.110254 
 1.089311 
 2.447857 
 3.412536 
 2.462869 
 2.898077 
 2.24279 
 3.257997 
 3.879763 
 3.546422 
 2.384089 
 2.69075 
 1.565064 
 2.034945 
 1.481776 
 .3108186 
 .6799117 
 .8094901 
 1.023715 
 1.967853 
 3.162893 
 2.32222 
 1.314401 
 1.906632 
 2.758042 
 2.227314 
 3.183041 
 3.929925 
 3.56156 
 3.762202 
 3.363306 
 3.390714 
 3.286237 
 3.496788 
 4.231002 
 3.703233 
 3.001782 
 3.996542 
 3.282056 
 2.293339 
 1.319256 
 .5821449 
-.3300415 
-.2596194 
 1.035826 
 .7291235 
 .1550876 
 .6356016 
-.1231117 
 .41821 
-6.639805E-02 
-1.32978 
-7.080645E-02 
-.7053065 
-.2092222 
 1.188816 
 .8401864 
 .4548297 
 .3324441 
 .9432352 
 .2496073 
 1.290471 
 2.065391 
 1.944836 
 .8767374 
 2.481893E-02 
-.6897373 
 .7044851 
-.6590012 
-1.135392 
-.5312744 
-1.123267 
-1.625353 
-2.592191 
-3.062767 
-3.096446 
-1.877172 
-3.149486 
-2.380919 
-3.55084 
-3.152219 
-2.597587 
-1.793516 
-2.041318 
-1.293023 
-2.194557 
-.9502441 
-1.433555 
-2.626305 
-3.16204 
-2.710925 
-3.633846 
-2.538723 
-3.457092 
-3.604601 
-2.374239 
-2.443334 
-1.049868 
-1.231647 
-.4741097 
 .1275718 
-.6983005 
-1.627722 
-1.160041 
 .2073846 
 .9715388 
 1.152756 
 .8155954 
 .1833192 
 .9215102 
 .1788435 
 .7326732 
 1.032227 
 .1456285 
 1.429976 
 2.302571 
 2.728743 
 1.492529 
 1.380678 
 .2442888 
 .6897347 
 1.463164 
 1.326618 
-6.176855E-02 
 2.645873E-02 
 .3399951 
 1.354827 
 .8232808 
 .1999321 
 .5150873 
 .132323 
 .2568677 
 .6368071 
 1.067469 
 8.249669E-02 
 .609162 
 1.84618 
 2.588196 
 3.804895 
 2.786606 
 2.201481 
 2.812675 
 2.09338 
 3.338812 
 4.571197 
 5.50484 
 6.579693 
 5.644483 
 6.784681 
 5.63529 
 6.397769 
 6.978064 
 8.123525 
 7.928975 
 8.994922 
 7.980938 
 7.891088 
 7.464922 
 7.665396 
 6.289075 
 5.798008 
 6.379144 
 5.132716 
 4.348286 
 3.092828 
 4.001161 
 3.127519 
 3.864724 
 5.162412 
 5.948408 
 5.834827 
 6.286328 
 5.599896 
 4.370074 
 3.877778 
 3.114815 
 2.910326 
 2.407285 
 2.780017 
 2.554784 
 3.486115 
 3.355771 
 3.178051 
 3.489766 
 3.935735 
 5.290099 
 3.943731 
 4.043363 
 2.754328 
 3.036038 
 2.080522 
 2.045387 
 1.879136 
 3.231381 
 3.478339 
 4.148729 
 3.508015 
 4.592205 
 5.519258 
 4.97549 
 5.948283 
 5.923394 
 5.052487 
 6.083417 
 5.986638 
 7.283675 
 5.892574 
 7.156166 
 8.0631 
 7.385704 
 6.487511 
 6.264141 
 6.72033 
 6.040902 
 7.283861 
 6.325321 
 6.696303 
 5.369121 
 6.367356 
 5.056907 
 4.967987 
 4.840791 
 3.699265 
 2.539001 
 2.134471 
 .8643313 
 2.151858 
 3.508764 
 3.682009 
 2.259565 
 2.569308 
 3.23757 
 2.894281 
 3.054386 
 2.081261 
 2.532547 
 1.700062 
 1.944584 
 2.912162 
 3.025399 
 4.302181 
 3.905829 
 4.21955 
 3.160878 
 3.79804 
 4.365023 
 5.36875 
 6.20852 
 6.608267 
 5.904704 
 5.713093 
 5.911659 
 4.659516 
 3.541947 
 4.764563 
 4.027755 
 5.046732 
 5.214357 
 4.317951 
 5.299197 
 4.444386 
 3.863017 
 2.557253 
 2.385397 
 1.885694 
 2.205755 
 1.824873 
 3.026774 
 3.648068 
 2.39069 
 1.921896 
 1.576803 
 1.761796 
 1.038904 
 2.244653 
 1.989335 
 1.364203 
 2.544443 
 3.095005 
 4.282413 
 4.190771 
 3.64778 
 4.452404 
 3.191223 
 2.034391 
 2.580934 
 1.770227 
 1.377423 
 2.119512 
 1.305685 
 .8374769 
 .2088327 
 .1641859 
 1.464494 
 1.911766 
 2.8211 
 2.708078 
 2.202535 
 3.207501 
 3.437965 
 2.930171 
 3.04762 
 1.690742 
 2.729203 
 2.549406 
 2.709301 
 1.735428 
 .8475451 
 1.123726 
-9.566733E-02 
 1.282204 
 2.496133 
 3.561478 
 4.513025 
 5.728493 
 5.345988 
 6.24695 
 5.858177 
 5.666632 
 6.567631 
 7.401658 
 7.686264 
 7.361834 
 6.271989 
 6.684362 
 5.586812 
 4.137934 
 3.551886 
 3.765876 
 3.302745 
 3.771701 
 3.870891 
 3.238143 
 2.407316 
 2.213299 
 2.014079 
 1.628139 
 2.967372 
 2.489493 
 2.073015 
 3.378168 
 2.781676 
 2.091468 
 1.326655 
 1.779625 
 1.825722 
 3.020242 
 2.856441 
 3.058705 
 2.51415 
 1.588655 
 .417262 
 1.28937 
 1.183323 
 1.035197 
 .5965962 
-.6733038 
 .6349228 
 .8836861 
 .2464742 
 .1580993 
-.308725 
 .6478747 
 1.221825 
 2.286608 
 1.445017 
 .342029 
 .2531489 
-.8010127 
-1.750949 
-1.73484 
-.7766844 
-.263919 
 .5052534 
-.7546201 
-1.503193 
-1.221582 
 .1579383 
 .9419658 
 2.866899E-02 
 .3211527 
 .7601781 
 1.954465 
 1.960051 
 2.01534 
 1.68681 
 1.638096 
 2.504798 
 3.610488 
 3.911759 
 5.167517 
 4.131711 
 5.188268 
 6.377705 
 5.984082 
 7.25601 
 6.911094 
 7.366139 
 7.499155 
 7.092795 
 7.000652 
 7.61544 
 8.022319 
 8.007652 
 6.538754 
 6.891701 
 7.911502 
 7.361229 
 7.167679 
 8.231579 
 8.216724 
 8.03725 
 7.085426 
 7.194923 
 6.383849 
 6.356374 
 6.97569 
 5.655983 
 5.75236 
 5.549304 
 5.538632 
 4.79679 
 5.161351 
 4.634304 
 4.97476 
 5.854784 
 5.334348 
 4.607538 
 3.505675 
 4.336611 
 3.894257 
 4.076214 
 3.346057 
 3.030693 
 4.090222 
 3.567129 
 2.761461 
 1.562024 
 .9990679 
 2.23505 
 .9042505 
 2.099117 
 1.221609 
 .4302011 
 .7494863 
-.1223062 
 .2419185 
 .2539161 
-.462707 
-1.539824 
-1.020306 
-1.98774 
-2.902665 
-4.206869 
-5.069744 
-5.78467 
-5.758875 
-5.263915 
-4.566713 
-4.61834 
-5.057624 
-4.362411 
-2.935849 
-2.997151 
-3.834945 
-3.01565 
-3.87816 
-4.803398 
-4.405776 
-5.126954 
-4.149071 
-4.173763 
-5.241891 
-4.578356 
-3.629609 
-4.003335 
-4.896783 
-4.30017 
-3.860347 
-2.723534 
-1.8227 
-2.569047 
-1.432424 
-.4917403 
-1.505396 
-2.653723 
-3.79498 
-4.471907 
-5.196216 
-6.340621 
-5.998575 
-5.939512 
-6.452881 
-6.089478 
-7.388419 
-7.442358 
-8.536192 
-8.339962 
-8.032462 
-6.793406 
-6.767321 
-7.423598 
-5.951348 
-6.361209 
-6.433833 
-5.174037 
-5.289073 
-4.488416 
-5.49807 
-6.189758 
-5.277888 
-6.400476 
-7.104361 
-8.295393 
-8.95305 
-9.16178 
-8.490934 
-8.147169 
-6.955738 
-6.073281 
-5.650296 
-4.928259 
-3.551442 
-4.163273 
-4.652176 
-4.339777 
-3.035041 
-1.756971 
-1.141699 
-1.583688 
-2.639921 
-2.590278 
-3.721084 
-4.294215 
-4.697002 
-3.47599 
-2.441298 
-3.222998 
-4.368918 
-4.694078 
-3.899466 
-2.569581 
-2.133806 
-2.180079 
-2.807722 
-3.514779 
-2.840276 
-2.123013 
-3.053847 
-2.450625 
-3.409541 
-4.01981 
-4.03019 
-4.529994 
-3.406707 
-2.871932 
-2.41473 
-1.407644 
-1.861302 
-2.271081 
-1.232889 
-.2965983 
 .6118102 
 1.57236 
 2.149071 
 2.14048 
 1.802395 
 2.185481 
 1.049021 
 .2825725 
 1.036426 
-.1957356 
-.5334177 
-1.831506 
-1.249159 
-1.279038 
-.6510134 
-.7920585 
-1.047885 
-.2144231 
 .5616739 
 .7703118 
 .4018892 
-.7513427 
-.5637571 
-.7332317 
-1.107951 
-.716154 
-.4173722 
-.3260629 
 .2184131 
-1.001429 
-1.518138 
-1.022331 
-.3684595 
 .5610571 
 .9472921 
-.2802412 
 .193821 
 1.340483 
 2.63499 
 2.991776 
 3.086007 
 3.781175 
 3.014416 
 3.293342 
 3.260262 
 3.266267 
 2.847422 
 2.357308 
 1.771999 
 1.596377 
 2.524963 
 2.120868 
 .9646639 
 1.390696 
 1.818166 
 2.597565 
 2.406562 
 1.112546 
 .9477987 
 1.754738 
 1.912541 
 1.910879 
 2.8511 
 2.877431 
 3.879797 
 3.480134 
 2.475377 
 1.386359 
 1.979169 
 .9138556 
 .1590226 
-.9946779 
-1.173122 
-1.55044 
-1.16844 
-.1924493 
 1.345694E-02 
 1.325192 
 2.645496 
 2.778931 
 2.583732 
 2.841683 
 3.160564 
 2.35994 
 3.318314 
 2.932767 
 3.024234 
 1.608888 
 .608568 
 1.488846 
 1.354221 
 2.148575 
 2.049216 
 .8424083 
 9.362812E-02 
-1.224507 
-1.858503 
-2.196967 
-2.081164 
-1.14937 
-2.361833 
-1.781896 
-1.251091 
-1.96157 
-2.034418 
-1.241837 
-.2940508 
 .8100055 
 .6669208 
-2.435368E-02 
-.4623981 
 .296694 
 1.300456 
 .3725326 
 .1383125 
-.3820002 
-1.301723 
-.8648205 
-2.250906 
-1.513465 
-1.449843 
-.4485686 
 .7367279 
 1.22849 
 2.485514 
 1.569941 
 .9172868 
 1.911875 
 3.194129 
 3.838988 
 2.572594 
 2.092781 
 1.340356 
 1.888086E-02 
-1.110121 
-.3911197 
 .1121847 
 1.257949 
 .2098915 
 1.364322 
 1.820869 
 2.590024 
 1.850998 
 2.192761 
 2.419322 
 1.179435 
 1.167124 
 1.965204 
 2.183378 
 3.264712 
 4.116422 
 4.611248 
 4.786484 
 3.508211 
 2.408734 
 2.712659 
 2.789675 
 2.003242 
 2.639943 
 3.067511 
 4.39657 
 4.028875 
 2.639421 
 3.490601 
 4.226296 
 4.28298 
 3.557108 
 2.899323 
 1.744522 
 2.199086 
 3.019148 
 1.75691 
 2.446177 
 3.686218 
 3.545261 
 4.324294 
 4.726447 
 3.797987 
 2.78429 
 3.61027 
 3.926552 
 3.909045 
 4.613454 
 4.481435 
 4.05695 
 3.587989 
 3.084253 
 3.785197 
 4.461841 
 4.765272 
 4.445572 
 3.272232 
 2.85597 
 2.006764 
 2.505025 
 2.223096 
 1.369999 
 1.670013 
 2.890094 
 2.785087 
 3.477019 
 4.727799 
 3.635142 
 3.572147 
 2.798838 
 1.854933 
 2.612459 
 3.740594 
 2.587437 
 2.387039 
 2.794537 
 2.817226 
 3.696741 
 4.777503 
 5.100618 
 5.737277 
 6.814025 
 7.076783 
 7.96436 
 7.232825 
 6.148022 
 6.852694 
 5.548405 
 6.386249 
 5.282256 
 4.153608 
 3.673955 
 3.017906 
 1.740445 
 2.197829 
 3.394486 
 4.74476 
 5.220689 
 5.693021 
 5.32647 
 4.882987 
 5.259032 
 6.191302 
 7.445079 
 7.788411 
 8.964662 
 9.518083 
 8.831658 
 7.58185 
 8.097858 
 7.945438 
 7.020127 
 6.043641 
 5.232366 
 5.964186 
 7.105155 
 6.448088 
 5.59433 
 4.371186 
 4.280507 
 4.19465 
 3.629365 
 2.240468 
 1.586789 
 1.798318 
 2.78901 
 1.680286 
 .3129956 
 .3050889 
 1.474108 
 2.185679 
 3.20006 
 4.082792 
 4.122908 
 3.784351 
 4.647388 
 5.042418 
 4.232161 
 5.496933 
 4.984503 
 5.388516 
 6.225919 
 6.554923 
 5.769783 
 5.482092 
 5.081088 
 5.699657 
 6.689761 
 7.990455 
 7.98259 
 9.189787 
 8.980385 
 9.591585 
 10.75129 
 11.53196 
 12.14462 
 11.94514 
 10.85047 
 10.32753 
 11.54336 
 11.82481 
 11.66173 
 10.37494 
 11.25218 
 9.865975 
 9.486521 
 8.568268 
 7.403018 
 7.593073 
 8.849466 
 7.51759 
 6.264029 
 5.936279 
 6.37125 
 7.151449 
 7.217679 
 6.099558 
 5.673944 
 5.341202 
 6.573128 
 6.553033 
 6.745756 
 7.542871 
 8.206538 
 7.485765 
 6.192842 
 5.912016 
 4.676747 
 3.528886 
 3.380251 
 4.155465 
 4.325071 
 3.104698 
 2.830671 
 2.972506 
 3.252337 
 2.30016 
 3.102568 
 3.614089 
 3.938872 
 2.821198 
 2.008587 
 3.116812 
 3.918436 
 3.79798 
 4.648149 
 4.225037 
 5.295796 
 6.526301 
 5.742269 
 6.170601 
 6.011544 
 4.637461 
 5.848421 
 4.493453 
 3.558836 
 4.099421 
 4.603414 
 5.223312 
 5.217831 
 5.564456 
 4.992846 
 5.87211 
 6.129588 
 5.982427 
 6.590896 
 5.411972 
 5.169924 
 4.734763 
 3.976164 
 3.275584 
 2.253166 
 3.284019 
 4.631203 
 4.345325 
 5.065908 
 3.658467 
 4.382386 
 5.00662 
 3.750461 
 3.908061 
 2.547577 
 2.41352 
 2.875885 
 3.373687 
 2.296226 
 1.014912 
 .9892762 
 1.56255 
 2.578587 
 3.032166 
 2.584667 
 1.816086 
 1.10097 
 2.172284 
 3.170863 
 3.045374 
 2.989275 
 3.276075 
 3.518043 
 4.253985 
 3.607535 
 3.075231 
 2.900963 
 2.967612 
 2.449176 
 2.414566 
 1.792517 
 .9201579 
-.2908024 
-.7736694 
 .2021621 
 .5270873 
 1.237458 
 1.704464 
 2.712267 
 3.089633 
 3.502414 
 2.784345 
 2.705729 
 3.898942 
 4.189822 
 3.10719 
 4.096597 
 2.768637 
 3.573397 
 3.144498 
 2.024508 
 2.641823 
 3.179371 
 4.544984 
 4.185047 
 4.325023 
 4.11685 
 3.449458 
 2.901353 
 3.558782 
 2.820971 
 1.54718 
 1.867142 
 .9121553 
 .1930714 
 .2920523 
-1.087829 
-.3601837 
-.4772266 
-1.286002 
-1.768786 
-2.994437 
-4.159165 
-5.35224 
-4.107927 
-5.343703 
-3.964347 
-5.282514 
-5.684257 
-6.425353 
-6.40345 
-5.900458 
-6.864997 
-5.651782 
-5.872077 
-6.748483 
-7.850536 
-6.686881 
-7.328148 
-7.169272 
-7.010838 
-7.87898 
-6.974324 
-5.513487 
-6.708251 
-7.807217 
-6.807083 
-5.974897 
-6.369134 
-5.904143 
-6.788137 
-5.369731 
-5.802847 
-6.92328 
-5.723465 
-4.639868 
-4.295426 
-3.720556 
-2.37423 
-3.082958 
-4.304518 
-3.097252 
-2.097236 
-2.958097 
-2.323624 
-1.833702 
-1.473434 
-2.799052 
-1.47069 
-.334665 
-1.07433 
-1.084174 
-2.564539E-02 
-.1629526 
 1.224363 
 .4510039 
 1.482961 
 .3645822 
-5.533622E-02 
-.2115961 
 .1164384 
 1.335158 
 2.459941 
 3.545548 
 2.550024 
 3.562393 
 4.033881 
 2.830503 
 2.260808 
 2.321304 
 2.664441 
 3.209918 
 2.591807 
 2.001537 
 1.733966 
 1.29772 
 1.667433 
 2.091074 
 1.776265 
 1.676245 
 1.139618 
 1.853921 
 3.051427 
 3.211852 
 2.134114 
 1.436056 
 2.483943 
 2.893156 
 2.443468 
 2.105404 
 1.645223 
 2.90313 
 3.222808 
 2.598531 
 3.180219 
 4.149415 
 2.978019 
 3.188602 
 4.377276 
 3.267098 
 4.093382 
 3.265799 
 4.617743 
 4.063922 
 3.554103 
 3.57218 
 4.131934 
 4.255508 
 4.710374 
 4.76604 
 5.421881 
 5.14401 
 4.850635 
 5.138473 
 6.143521 
 5.139617 
 3.88324 
 3.126912 
 3.039321 
 2.122758 
 2.868455 
 1.681289 
 1.205699 
 1.78839 
 .7721412 
 .367906 
 .7179905 
 1.4717 
 1.248786 
 .9038786 
 .0535333 
-.2930217 
 .7962731 
 .5487034 
-.606098 
 .766099 
 .6442881 
 1.293325 
 .6653753 
-.1349028 
 .202342 
 1.491489 
 2.097329 
 2.848975 
 2.941371 
 3.302109 
 3.53435 
 4.015828 
 3.932612 
 2.670611 
 3.561598 
 4.142571 
 3.888026 
 3.449139 
 4.427581 
 3.325903 
 4.566277 
 5.365626 
 5.77695 
 5.847579 
 5.582371 
 5.284447 
 3.842111 
 3.140323 
 2.638254 
 3.374474 
 4.595023 
 4.88089 
 6.099925 
 4.918513 
 5.27941 
 5.871632 
 5.100193 
 5.293321 
 4.787051 
 4.58406 
 5.895407 
 7.162178 
 7.421884 
 7.454509 
 6.407851 
 5.989708 
 7.201779 
 6.209018 
 6.373806 
 5.909095 
 5.712737 
 5.91106 
 6.803052 
 6.103711 
 7.070372 
 5.839539 
 5.44212 
 6.335543 
 7.334927 
 6.379972 
 7.491576 
 8.673784 
 8.868414 
 7.705888 
 6.491541 
 7.189651 
 6.674684 
 6.624458 
 0 
 10 
 1 
