-.5267252 
-.85193 
-1.400862 
-.1308032 
 1.214217 
 .9260015 
 .2959234 
-.6579139 
-1.595642 
-1.169338 
-1.409593 
-1.639927 
-1.027954 
-1.504473 
-1.11662 
-1.924517 
-2.784757 
-2.523745 
-3.672933 
-3.754265 
-2.580879 
-3.223596 
-2.392964 
-2.708395 
-3.270607 
-2.063791 
-1.674423 
-1.300393 
-1.48787 
-2.598982 
-2.402312 
-1.833885 
-.6571438 
 .2869923 
-1.052689 
-.9208387 
 .2537137 
 5.590337E-02 
 .5536787 
 .5550687 
 .5880438 
 .47855 
 6.347336E-02 
-.2036597 
-.8464922 
-2.082637 
-2.779359 
-1.41022 
-2.625878 
-2.907109 
-3.256396 
-3.252453 
-4.18454 
-4.214634 
-4.852658 
-4.444053 
-4.282238 
-5.202339 
-3.922719 
-3.451216 
-3.399998 
-3.673061 
-4.736209 
-3.894009 
-3.968478 
-3.218752 
-2.917778 
-1.957104 
-3.285407 
-4.063968 
-5.216842 
-6.270089 
-6.679336 
-7.654262 
-8.978013 
-8.786083 
-8.259272 
-8.054239 
-7.057603 
-8.158601 
-8.94057 
-8.351016 
-8.39657 
-8.713832 
-9.607758 
-8.940237 
-7.650938 
-7.490578 
-8.565591 
-7.759032 
-7.957094 
-7.985078 
-7.927958 
-8.66823 
-9.059217 
-10.10249 
-9.751011 
-10.57896 
-9.276711 
-10.31083 
-10.36595 
-10.89916 
-9.747961 
-8.949415 
-9.496665 
-8.916354 
-9.509615 
-10.56392 
-11.77287 
-12.15277 
-11.21996 
-11.67664 
-12.30235 
-12.23522 
-12.8013 
-13.12092 
-14.26539 
-14.17336 
-14.8563 
-13.68836 
-13.30464 
-12.45905 
-11.13744 
-11.5004 
-11.26628 
-12.32897 
-11.83061 
-11.96541 
-10.55756 
-11.53225 
-10.23224 
-9.794292 
-10.12375 
-11.00577 
-10.95288 
-11.63021 
-10.1324 
-11.06706 
-12.2768 
-12.58822 
-12.33009 
-11.02356 
-10.80731 
-10.96236 
-9.881392 
-8.869987 
-8.299294 
-7.595723 
-6.129348 
-6.517272 
-6.466155 
-6.645861 
-6.033188 
-6.872139 
-7.01996 
-6.829542 
-5.88073 
-5.70793 
-5.854353 
-5.770995 
-6.476183 
-6.078287 
-6.046585 
-5.480347 
-4.343442 
-4.663049 
-5.169971 
-5.698843 
-6.621695 
-6.472622 
-7.183521 
-6.875679 
-7.189976 
-6.0659 
-6.067411 
-6.873695 
-6.290187 
-5.535039 
-5.16117 
-4.319962 
-5.224451 
-4.31081 
-5.100923 
-3.771291 
-4.949752 
-6.128668 
-5.246911 
-5.532119 
-5.579326 
-6.589522 
-7.601126 
-8.43944 
-9.621339 
-8.924501 
-8.743664 
-8.486241 
-9.195485 
-9.194038 
-8.413111 
-7.623236 
-7.830791 
-6.624411 
-5.869899 
-6.963989 
-6.518182 
-5.857078 
-7.155381 
-7.27736 
-7.479797 
-8.035007 
-6.596201 
-5.683519 
-5.078082 
-5.258561 
-4.549829 
-5.128804 
-5.479643 
-5.611737 
-4.310069 
-5.327215 
-4.865745 
-5.243702 
-6.299541 
-7.118176 
-8.23036 
-8.337173 
-6.968474 
-6.78178 
-6.730381 
-5.339237 
-6.076653 
-6.355364 
-6.584119 
-7.130813 
-7.05077 
-7.992662 
-7.865203 
-6.484113 
-6.258886 
-5.050972 
-4.560578 
-4.680328 
-4.093522 
-5.272601 
-4.503229 
-3.897118 
-3.866735 
-4.793376 
-5.519569 
-5.95179 
-5.096173 
-6.305171 
-6.192291 
-5.41119 
-4.515611 
-4.960401 
-3.587446 
-2.699851 
-2.183532 
-1.02738 
 3.513412E-02 
-.1986335 
-1.252194 
 3.203798E-02 
 .8642789 
 1.405403 
 1.115939 
-.2496807 
-1.177613 
-2.10624 
-2.058166 
-2.300852 
-3.381064 
-3.974537 
-3.534594 
-2.521971 
-2.502688 
-3.35227 
-2.208385 
-2.542694 
-3.01164 
-2.223375 
-2.99108 
-3.109907 
-3.818349 
-2.720907 
-2.384709 
-2.712741 
-2.995323 
-1.955864 
-1.695837 
-.4704974 
-.417693 
-.8887869 
 .1518391 
-.5243954 
-1.192589 
-2.080575 
-2.48856 
-3.857116 
-3.140266 
-2.154546 
-2.753258 
-2.157595 
-2.402653 
-1.506332 
-.8143299 
-.9808347 
-2.152956 
-2.381909 
-2.808143 
-2.190699 
-2.694681 
-1.831309 
-2.788407 
-2.500384 
-1.197972 
-1.905405 
-.6544347 
-1.727986 
-.3547639 
 2.113716E-02 
 .2977676 
 1.422185 
 1.617757 
 .8881188 
 1.887933 
 .6789215 
 .5008875 
 1.223979 
 .499654 
 .1547529 
-.1345408 
-5.879254E-02 
-.7013018 
-.4670299 
-1.275372 
-2.442537 
-1.310937 
-2.38611 
-1.935766 
-.7954953 
-1.539262 
-.2640961 
 .7079898 
 .5363606 
 .5086642 
 1.258361 
 2.183745 
 1.833268 
 .9624856 
 .4661227 
 .2185236 
-.7562917 
-.4132248 
-1.530955 
-2.34179 
-1.779473 
-1.749367 
-2.619567 
-1.217496 
-1.285558 
-2.661784 
-2.843083 
-3.406615 
-2.66566 
-1.54352 
-.6266931 
-1.525342 
-2.605804 
-3.95139 
-4.887774 
-5.182691 
-6.00474 
-4.602398 
-3.514742 
-3.2517 
-2.577058 
-3.545691 
-4.188876 
-5.46851 
-4.49611 
-3.658027 
-2.806451 
-3.247199 
-3.352431 
-3.164898 
-2.284109 
-2.082297 
-2.891775 
-3.682005 
-4.024481 
-3.778749 
-4.177695 
-4.057277 
-4.225779 
-3.979471 
-5.200135 
-5.015348 
-5.787656 
-4.434658 
-3.178021 
-1.767145 
-.7986636 
-1.044689 
-.1794454 
 1.192937 
 .5046616 
-.4119173 
 .1371443 
-1.216849 
-1.655416 
-1.09981 
-2.180002 
-3.251315 
-3.805595 
-4.051099 
-3.845702 
-4.337041 
-4.866561 
-3.956012 
-4.449995 
-4.753703 
-4.983777 
-3.978291 
-4.192068 
-3.521703 
-3.04223 
-3.27428 
-1.980745 
-1.553473 
-1.493039 
-2.253068 
-1.999003 
-1.283214 
-1.39241 
-.2462068 
-.8514195 
-.3738114 
 .7224111 
 .1030341 
-.2674849 
-1.625223 
-2.184173 
-.807014 
-6.732114E-02 
 .1598392 
 .4541869 
-.1998854 
-.1750365 
 .6488914 
 1.643369 
 .4877536 
 .6001878 
 .3572634 
-.8410153 
-.9688541 
-.4022841 
-.4003818 
-.6570414 
 .5958545 
 1.947179 
 2.183977 
 2.251938 
 2.551891 
 1.376081 
 .4787122 
-.1321519 
-1.478382 
-2.436612 
-2.636209 
-2.474501 
-2.28633 
-1.476756 
-2.742075 
-2.97888 
-4.184396 
-4.669902 
-4.335099 
-4.242629 
-3.930556 
-4.368761 
-3.179297 
-2.391504 
-2.155347 
-2.325555 
-1.651363 
-2.578918 
-3.786643 
-4.46799 
-3.699635 
-2.399321 
-2.808692 
-2.2649 
-1.426253 
-2.713096 
-1.862424 
-1.890223 
-2.693436 
-2.380834 
-1.212228 
 4.674827E-02 
 .4758626 
-.8882251 
-.4259746 
 .8796248 
-.5029202 
 .7723265 
-.4293248 
-1.003922 
-.7629914 
 .106776 
-1.181607 
-2.41708 
-2.213063 
-2.709754 
-2.928368 
-2.871238 
-2.188881 
-2.304431 
-2.778975 
-3.944139 
-4.160596 
-3.915101 
-3.13865 
-2.882456 
-2.428572 
-1.542866 
-1.760364 
-.9111742 
-.2832481 
 .261028 
 .9048752 
 3.424553E-02 
 .8002312 
-.4122909 
-1.113721 
 .1586546 
 1.052892 
 .2568633 
-.6299857 
-1.360482 
-.155571 
-.8331218 
-1.508425 
-.8928376 
-.4222873 
 .3460824 
 1.067534 
 .5205864 
 1.424406 
 2.023016 
 3.111871 
 2.304032 
 1.878146 
 2.008819 
 1.584486 
 .7407283 
 .9545121 
 1.309081 
 .2863937 
-.9458939 
-.5607372 
 .3929204 
 .7836744 
 .565685 
-.3161464 
-.3256697 
 1.002522 
 1.746945 
 1.395257 
 1.338338 
 1.456739 
 1.929447 
 .6170862 
 1.024866 
 2.133461 
 1.665359 
 .5769891 
 .3627404 
 1.119734 
 .7112793 
 .45779 
 1.146567 
 .957621 
 1.563765 
 1.567162 
 .6374284 
 9.583421E-03 
-1.146365 
 .2061959 
-.4019013 
-6.719084E-02 
-.608045 
 .3845913 
-.1261836 
 .7023032 
-.2164764 
-.7743271 
-1.963215 
-1.962377 
-2.075048 
-1.780635 
-3.078463 
-3.556972 
-4.542127 
-4.981743 
-4.20428 
-3.806164 
-2.470188 
-1.528112 
-1.361718 
-1.048991 
-1.906137 
-.761505 
-1.261992 
-.9680894 
-.6861319 
 .0684736 
 .6696823 
 1.187036 
 1.904772 
 1.208364 
 1.335665 
 1.347971 
 1.517274 
 .890667 
 .6461437 
 .2211008 
 1.540601 
 1.577631 
 1.79396 
 1.678189 
 .351083 
 5.234765E-03 
-1.009444 
-.5676864 
-1.533164 
-2.363709 
-2.68924 
-3.795147 
-3.434441 
-2.833613 
-2.97477 
-3.166895 
-3.594686 
-2.996675 
-3.770469 
-5.010319 
-3.879563 
-5.120389 
-5.18534 
-4.464746 
-3.705703 
-2.765657 
-3.551308 
-3.603699 
-2.537452 
-1.592833 
-1.827974 
-1.91489 
-2.31916 
-2.998347 
-2.108815 
-1.963845 
-1.837283 
-1.464323 
-2.603236 
-1.986414 
-2.64449 
-3.857302 
-4.448612 
-3.114691 
-3.568377 
-3.11943 
-3.470895 
-3.800845 
-4.248121 
-5.004854 
-5.760896 
-5.919017 
-5.531368 
-6.200565 
-5.617952 
-5.310488 
-4.969993 
-6.100455 
-7.315177 
-8.213911 
-8.843261 
-9.039231 
-8.714703 
-9.223147 
-8.189837 
-6.993948 
-6.850162 
-7.097282 
-8.419621 
-9.033928 
-9.888679 
-9.384336 
-7.944008 
-8.392081 
-9.035146 
-7.885466 
-8.844552 
-8.561523 
-8.177283 
-7.787723 
-7.167709 
-6.116529 
-7.182982 
-7.407459 
-6.430122 
-7.015785 
-6.446632 
-6.673492 
-5.670967 
-5.802931 
-4.804646 
-5.544595 
-4.842418 
-3.676823 
-4.431098 
-3.037025 
-1.702727 
-.6459047 
-.5756477 
-.1472851 
-.2671383 
-1.2263 
-.8135166 
-.4899757 
 .5061321 
 .1294492 
-1.123317 
-1.095908 
-2.33232 
-2.659419 
-2.769638 
-3.307912 
-1.963559 
-3.308275 
-2.855407 
-2.507847 
-2.389922 
-3.684131 
-3.040277 
-3.530944 
-2.148241 
-2.712114 
-3.063876 
-3.532812 
-3.906732 
-4.608406 
-4.302782 
-3.693682 
-4.306328 
-4.052683 
-3.797337 
-2.385471 
-1.153753 
-1.84251 
-.9559715 
-.1907353 
-.4473404 
-7.906915E-02 
-9.594856E-02 
-9.915334E-02 
-1.125492 
 .2002039 
-.7045765 
-.4468077 
 6.609306E-02 
-1.027948 
-.5950027 
 .0777355 
 .8612404 
 .6610029 
-.5140616 
-.509805 
-.2956637 
-1.525826 
-1.755921 
-2.8076 
-3.771076 
-4.252976 
-2.83661 
-2.516376 
-3.121658 
-3.325145 
-3.376199 
-4.56597 
-4.638046 
-4.767456 
-3.473868 
-4.075041 
-4.948805 
-4.882744 
-5.272103 
-5.183651 
-5.422148 
-6.042161 
-7.19399 
-6.727555 
-7.039688 
-6.840215 
-5.703708 
-5.862801 
-5.540126 
-5.81908 
-7.001427 
-8.025845 
-8.938152 
-9.843938 
-9.018001 
-9.587831 
-10.50524 
-11.68319 
-11.02821 
-9.954303 
-9.807154 
-8.868624 
-7.426716 
-7.284297 
-8.421702 
-7.988117 
-8.386919 
-8.924423 
-8.323934 
-8.515854 
-8.755316 
-9.493766 
-8.347015 
-9.241005 
-9.425005 
-9.026573 
-8.799534 
-8.069837 
-9.044799 
-9.445417 
-10.73023 
-9.830271 
-8.552268 
-9.029089 
-9.706821 
-8.341762 
-9.129773 
-9.271459 
-9.56423 
-9.960175 
-8.518399 
-8.212705 
-8.056941 
-9.001863 
-7.796301 
-9.032076 
-8.123343 
-7.429035 
-8.071978 
-6.753644 
-6.779671 
-6.085229 
-6.313455 
-7.001489 
-6.64468 
-6.435687 
-6.479097 
-5.996868 
-5.192484 
-6.358813 
-7.255762 
-8.303538 
-9.477998 
-9.256244 
-7.884441 
-8.57334 
-8.918133 
-7.736394 
-7.713974 
-8.388193 
-7.325601 
-8.461308 
-9.404917 
-8.011758 
-6.997332 
-6.022301 
-4.571815 
-5.257107 
-4.749173 
-4.34899 
-2.987741 
-3.180139 
-4.39011 
-3.287374 
-4.199218 
-4.860257 
-4.509816 
-4.842313 
-4.713306 
-3.494971 
-3.329782 
-2.009462 
-1.248516 
-1.502276 
-.7702791 
-.5560027 
-.7043899 
-1.969989 
-3.242597 
-3.59364 
-3.793327 
-4.132654 
-3.724654 
-4.58465 
-4.723124 
-5.63886 
-4.265181 
-4.853783 
-6.041368 
-5.128086 
-4.489172 
-5.139216 
-4.27539 
-3.196369 
-1.810133 
-2.433441 
-2.513044 
-1.331736 
-.1337856 
-.1322675 
 .9457443 
 1.139405 
 .9102423 
 1.795483 
 2.412704 
 3.496482 
 2.491584 
 3.234308 
 3.668854 
 4.792191 
 5.678455 
 6.399517 
 7.110115 
 6.966123 
 7.563142 
 7.669176 
 6.653726 
 6.059992 
 5.909986 
 6.955548 
 7.912286 
 7.509985 
 8.739223 
 8.661498 
 9.931545 
 9.684357 
 10.37017 
 9.73141 
 8.455657 
 9.435451 
 9.563941 
 10.48194 
 11.24514 
 11.88394 
 12.95361 
 11.56599 
 12.36124 
 11.47753 
 10.73337 
 9.374284 
 10.4102 
 11.6736 
 10.89227 
 10.89598 
 10.34859 
 9.442757 
 8.512623 
 7.390507 
 7.61104 
 7.7768 
 8.699486 
 7.46023 
 6.547107 
 6.857644 
 6.679075 
 6.013028 
 6.887462 
 6.278638 
 7.544494 
 7.181749 
 7.927384 
 8.705317 
 8.920821 
 8.429874 
 8.585937 
 8.951077 
 9.095565 
 7.770101 
 8.645925 
 7.325438 
 6.276402 
 5.698578 
 5.461958 
 5.193279 
 6.139935 
 4.836499 
 5.901184 
 5.114318 
 3.810802 
 4.558259 
 3.215705 
 2.165426 
 2.617785 
 1.927955 
 2.867309 
 2.02728 
 1.240492 
 1.245441 
 1.568165 
 1.851572 
 .7136725 
 1.947162 
 1.599181 
 1.155856 
-.1443801 
 .9496144 
 .9221607 
 .6536571 
 1.854785 
 1.139792 
 1.27989 
-8.446714E-03 
 .87133 
 .7785466 
 .8986505 
 .5442084 
-.4495386 
 .2076725 
-.5776129 
-1.383332 
-1.864845 
-2.059793 
-1.363837 
-2.41887 
-2.57486 
-1.640405 
-1.418894 
-.6516043 
-1.22218 
-2.412794 
-2.042221 
-2.015022 
-1.467565 
-1.866486 
-1.475486 
-2.411327 
-1.248645 
-1.601418 
-.7036924 
-1.63759 
-1.623701 
-2.913401 
-2.191081 
-1.215275 
-1.778494 
-1.981669 
-1.922086 
-3.292279 
-2.796162 
-1.433874 
-2.558338 
-1.747602 
-3.006841 
-1.672391 
-.2564016 
 .2745295 
 .7980083 
-.1075744 
-1.017455 
 .2995531 
 .8424945 
 1.912706 
 .8498177 
-.1375247 
-.7804647 
-2.084711 
-2.556678 
-1.406041 
-2.121381 
-1.537795 
-.5960825 
-1.746938 
-.8381559 
 4.538613E-02 
-.7890477 
-1.89028 
-1.524547 
-2.697555 
-2.326975 
-2.411586 
-1.147119 
-1.995627 
-2.542184 
-2.217989 
-2.904969 
-3.400134 
-4.505086 
-5.851414 
-4.513971 
-3.814599 
-3.979205 
-4.053012 
-4.123704 
-3.085228 
-3.303488 
-2.691579 
-3.011775 
-3.299294 
-4.002882 
-4.726912 
-5.884749 
-5.013728 
-4.06067 
-4.489953 
-4.669587 
-3.240096 
-2.650757 
-2.651024 
-1.691184 
-2.12267 
-3.074919 
-1.908153 
-1.859109 
-1.032833 
-.7013933 
-1.127252 
 .1790184 
-.1836781 
-.7319795 
-1.51283 
-.7305555 
 .3795469 
-.7062413 
 .4317724 
 .768221 
 1.853066 
 2.554034 
 2.046833 
 2.133745 
 3.020321 
 2.019403 
 2.820626 
 2.592886 
 2.690062 
 1.463285 
 .2068874 
 1.143938 
 2.488548 
 1.117675 
 1.545251 
 2.801937 
 1.710066 
 1.369728 
 1.335998 
 2.443125 
 1.493147 
 2.389698 
 2.793736 
 1.98835 
 .6993887 
 1.844584 
 1.800358 
 2.259818 
 1.021581 
-.3506176 
 .9294012 
 .1078303 
 1.207189 
 1.042843 
 .1082366 
-.4877662 
 .2174605 
 1.206253 
 .5107794 
 .0780303 
 1.107996 
 2.101299 
 1.844457 
 2.094123 
 1.203918 
 2.436212 
 1.735864 
 .3679633 
-.1335958 
 .1483722 
-.1922264 
 .2077541 
 .8833749 
 1.466084 
 .5690314 
-.6756905 
-1.380095 
-2.211555 
-.8566189 
-1.751359 
-1.297017 
-.1388808 
-.776779 
-1.45125 
-.6778496 
 5.297268E-02 
-.2578886 
-1.220782 
-1.010276 
-2.064088 
-2.683356 
-1.657129 
-1.167255 
-1.252684 
-1.055006 
-1.794439 
-3.131541 
-3.785795 
-2.481232 
-3.702811 
-2.678279 
-3.825676 
-3.170794 
-3.788356 
-2.595752 
-3.821069 
-3.508547 
-3.475272 
-2.389787 
-2.519515 
-1.568516 
-.6390635 
-1.834871 
-1.590037 
-1.552534 
-.7183048 
-.9054645 
 .4395256 
-.5677641 
-.0787876 
 .4614326 
 1.110245 
 1.089302 
 2.447848 
 3.412527 
 2.462861 
 2.898069 
 2.242781 
 3.257989 
 3.879755 
 3.546414 
 2.384081 
 2.690742 
 1.565057 
 2.034938 
 1.481768 
 .3108113 
 .6799045 
 .809483 
 1.023708 
 1.967846 
 3.162886 
 2.322213 
 1.314394 
 1.906625 
 2.758035 
 2.227308 
 3.183034 
 3.929919 
 3.561553 
 3.762195 
 3.3633 
 3.390707 
 3.286231 
 3.496781 
 4.230997 
 3.703228 
 3.001776 
 3.996537 
 3.28205 
 2.293334 
 1.31925 
 .5821393 
-.3300471 
-.259625 
 1.03582 
 .729118 
 .1550822 
 .6355963 
-.1231169 
 .4182048 
-6.640322E-02 
-1.329785 
-7.081152E-02 
-.7053115 
-.2092271 
 1.188811 
 .8401816 
 .4548249 
 .3324394 
 .9432305 
 .2496027 
 1.290467 
 2.065386 
 1.944832 
 .8767329 
 2.481451E-02 
-.6897416 
 .7044808 
-.6590055 
-1.135396 
-.5312786 
-1.123271 
-1.625358 
-2.592195 
-3.062771 
-3.09645 
-1.877176 
-3.14949 
-2.380923 
-3.550844 
-3.152223 
-2.597591 
-1.79352 
-2.041322 
-1.293027 
-2.194561 
-.9502478 
-1.433559 
-2.626309 
-3.162044 
-2.710928 
-3.633849 
-2.538727 
-3.457095 
-3.604604 
-2.374242 
-2.443337 
-1.04987 
-1.23165 
-.4741122 
 .1275693 
-.6983029 
-1.627724 
-1.160043 
 .2073823 
 .9715365 
 1.152754 
 .8155931 
 .1833169 
 .921508 
 .1788413 
 .7326711 
 1.032225 
 .1456263 
 1.429973 
 2.302569 
 2.728741 
 1.492527 
 1.380676 
 .2442868 
 .6897327 
 1.463162 
 1.326616 
-6.177044E-02 
 2.645686E-02 
 .3399933 
 1.354825 
 .8232791 
 .1999304 
 .5150856 
 .1323213 
 .256866 
 .6368055 
 1.067467 
 8.249515E-02 
 .6091604 
 1.846179 
 2.588194 
 3.804893 
 2.786605 
 2.201479 
 2.812674 
 2.093378 
 3.338811 
 4.571196 
 5.504839 
 6.579691 
 5.644481 
 6.78468 
 5.635289 
 6.397768 
 6.978062 
 8.123523 
 7.928973 
 8.99492 
 7.980937 
 7.891086 
 7.46492 
 7.665394 
 6.289073 
 5.798006 
 6.379142 
 5.132714 
 4.348284 
 3.092826 
 4.001159 
 3.127517 
 3.864722 
 5.16241 
 5.948406 
 5.834825 
 6.286326 
 5.599895 
 4.370073 
 3.877776 
 3.114814 
 2.910325 
 2.407284 
 2.780015 
 2.554783 
 3.486113 
 3.355769 
 3.17805 
 3.489764 
 3.935734 
 5.290098 
 3.94373 
 4.043361 
 2.754327 
 3.036036 
 2.080521 
 2.045385 
 1.879134 
 3.23138 
 3.478338 
 4.148727 
 3.508013 
 4.592203 
 5.519256 
 4.975488 
 5.948281 
 5.923393 
 5.052486 
 6.083416 
 5.986636 
 7.283673 
 5.892573 
 7.156165 
 8.063099 
 7.385703 
 6.48751 
 6.26414 
 6.720329 
 6.040901 
 7.28386 
 6.32532 
 6.696302 
 5.36912 
 6.367355 
 5.056906 
 4.967986 
 4.84079 
 3.699264 
 2.539001 
 2.134471 
 .8643306 
 2.151857 
 3.508763 
 3.682008 
 2.259564 
 2.569307 
 3.237569 
 2.89428 
 3.054385 
 2.081261 
 2.532547 
 1.700061 
 1.944583 
 2.912161 
 3.025398 
 4.30218 
 3.905828 
 4.219549 
 3.160877 
 3.798039 
 4.365022 
 5.368749 
 6.208519 
 6.608266 
 5.904703 
 5.713092 
 5.911658 
 4.659515 
 3.541946 
 4.764562 
 4.027754 
 5.046731 
 5.214356 
 4.31795 
 5.299196 
 4.444386 
 3.863016 
 2.557252 
 2.385396 
 1.885693 
 2.205754 
 1.824872 
 3.026773 
 3.648067 
 2.390689 
 1.921895 
 1.576802 
 1.761795 
 1.038903 
 2.244652 
 1.989334 
 1.364202 
 2.544442 
 3.095004 
 4.282412 
 4.19077 
 3.647779 
 4.452404 
 3.191222 
 2.03439 
 2.580933 
 1.770226 
 1.377422 
 2.119511 
 1.305684 
 .837476 
 .2088318 
 .1641849 
 1.464494 
 1.911765 
 2.821099 
 2.708077 
 2.202534 
 3.2075 
 3.437964 
 2.93017 
 3.047619 
 1.690741 
 2.729203 
 2.549406 
 2.7093 
 1.735427 
 .8475444 
 1.123725 
-9.566792E-02 
 1.282204 
 2.496132 
 3.561477 
 4.513024 
 5.728493 
 5.345988 
 6.246949 
 5.858176 
 5.666632 
 6.567631 
 7.401657 
 7.686263 
 7.361833 
 6.271988 
 6.684361 
 5.586811 
 4.137933 
 3.551885 
 3.765875 
 3.302745 
 3.771701 
 3.870891 
 3.238142 
 2.407315 
 2.213299 
 2.014078 
 1.628139 
 2.967371 
 2.489492 
 2.073015 
 3.378167 
 2.781676 
 2.091468 
 1.326654 
 1.779624 
 1.825721 
 3.020242 
 2.856441 
 3.058705 
 2.51415 
 1.588655 
 .4172615 
 1.28937 
 1.183323 
 1.035196 
 .5965958 
-.6733042 
 .6349224 
 .8836858 
 .2464738 
 .158099 
-.3087253 
 .6478744 
 1.221825 
 2.286608 
 1.445017 
 .3420288 
 .2531487 
-.8010129 
-1.750949 
-1.73484 
-.7766845 
-.2639191 
 .5052533 
-.7546203 
-1.503193 
-1.221582 
 .1579382 
 .9419657 
 2.866887E-02 
 .3211525 
 .760178 
 1.954465 
 1.960051 
 2.01534 
 1.68681 
 1.638096 
 2.504798 
 3.610488 
 3.911759 
 5.167517 
 4.131711 
 5.188268 
 6.377705 
 5.984082 
 7.25601 
 6.911094 
 7.366139 
 7.499155 
 7.092795 
 7.000652 
 7.61544 
 8.022319 
 8.007652 
 6.538754 
 6.891701 
 7.911502 
 7.361229 
 7.167679 
 8.231579 
 8.216724 
 8.03725 
 7.085426 
 7.194923 
 6.383849 
 6.356374 
 6.97569 
 5.655983 
 5.75236 
 5.549304 
 5.538632 
 4.79679 
 5.161351 
 4.634304 
 4.97476 
 5.854784 
 5.334348 
 4.607538 
 3.505675 
 4.336611 
 3.894257 
 4.076214 
 3.346057 
 3.030693 
 4.090222 
 3.567129 
 2.761461 
 1.562024 
 .9990679 
 2.23505 
 .9042505 
 2.099117 
 1.221609 
 .4302011 
 .7494863 
-.1223062 
 .2419185 
 .2539161 
-.462707 
-1.539824 
-1.020306 
-1.98774 
-2.902665 
-4.206869 
-5.069744 
-5.78467 
-5.758875 
-5.263915 
-4.566713 
-4.61834 
-5.057624 
-4.362411 
-2.935849 
-2.997151 
-3.834945 
-3.01565 
-3.87816 
-4.803398 
-4.405776 
-5.126954 
-4.149071 
-4.173763 
-5.241891 
-4.578356 
-3.629609 
-4.003335 
-4.896783 
-4.30017 
-3.860347 
-2.723534 
-1.8227 
-2.569047 
-1.432424 
-.4917403 
-1.505396 
-2.653723 
-3.79498 
-4.471907 
-5.196216 
-6.340621 
-5.998575 
-5.939512 
-6.452881 
-6.089478 
-7.388419 
-7.442358 
-8.536192 
-8.339962 
-8.032462 
-6.793406 
-6.767321 
-7.423598 
-5.951348 
-6.361209 
-6.433833 
-5.174037 
-5.289073 
-4.488416 
-5.49807 
-6.189758 
-5.277888 
-6.400476 
-7.104361 
-8.295393 
-8.95305 
-9.16178 
-8.490934 
-8.147169 
-6.955738 
-6.073281 
-5.650296 
-4.928259 
-3.551442 
-4.163273 
-4.652176 
-4.339777 
-3.035041 
-1.756971 
-1.141699 
-1.583688 
-2.639921 
-2.590278 
-3.721084 
-4.294215 
-4.697002 
-3.47599 
-2.441298 
-3.222998 
-4.368918 
-4.694078 
-3.899466 
-2.569581 
-2.133806 
-2.180079 
-2.807722 
-3.514779 
-2.840276 
-2.123013 
-3.053847 
-2.450625 
-3.409541 
-4.01981 
-4.03019 
-4.529994 
-3.406707 
-2.871932 
-2.41473 
-1.407644 
-1.861302 
-2.271081 
-1.232889 
-.2965983 
 .6118102 
 1.57236 
 2.149071 
 2.14048 
 1.802395 
 2.185481 
 1.049021 
 .2825725 
 1.036426 
-.1957356 
-.5334177 
-1.831506 
-1.249159 
-1.279038 
-.6510134 
-.7920585 
-1.047885 
-.2144231 
 .5616739 
 .7703118 
 .4018892 
-.7513427 
-.5637571 
-.7332317 
-1.107951 
-.716154 
-.4173722 
-.3260629 
 .2184131 
-1.001429 
-1.518138 
-1.022331 
-.3684595 
 .5610571 
 .9472921 
-.2802412 
 .193821 
 1.340483 
 2.63499 
 2.991776 
 3.086007 
 3.781175 
 3.014416 
 3.293342 
 3.260262 
 3.266267 
 2.847422 
 2.357308 
 1.771999 
 1.596377 
 2.524963 
 2.120868 
 .9646639 
 1.390696 
 1.818166 
 2.597565 
 2.406562 
 1.112546 
 .9477987 
 1.754738 
 1.912541 
 1.910879 
 2.8511 
 2.877431 
 3.879797 
 3.480134 
 2.475377 
 1.386359 
 1.979169 
 .9138556 
 .1590226 
-.9946779 
-1.173122 
-1.55044 
-1.16844 
-.1924493 
 1.345694E-02 
 1.325192 
 2.645496 
 2.778931 
 2.583732 
 2.841683 
 3.160564 
 2.35994 
 3.318314 
 2.932767 
 3.024234 
 1.608888 
 .608568 
 1.488846 
 1.354221 
 2.148575 
 2.049216 
 .8424083 
 9.362812E-02 
-1.224507 
-1.858503 
-2.196967 
-2.081164 
-1.14937 
-2.361833 
-1.781896 
-1.251091 
-1.96157 
-2.034418 
-1.241837 
-.2940508 
 .8100055 
 .6669208 
-2.435368E-02 
-.4623981 
 .296694 
 1.300456 
 .3725326 
 .1383125 
-.3820002 
-1.301723 
-.8648205 
-2.250906 
-1.513465 
-1.449843 
-.4485686 
 .7367279 
 1.22849 
 2.485514 
 1.569941 
 .9172868 
 1.911875 
 3.194129 
 3.838988 
 2.572594 
 2.092781 
 1.340356 
 1.888086E-02 
-1.110121 
-.3911197 
 .1121847 
 1.257949 
 .2098915 
 1.364322 
 1.820869 
 2.590024 
 1.850998 
 2.192761 
 2.419322 
 1.179435 
 1.167124 
 1.965204 
 2.183378 
 3.264712 
 4.116422 
 4.611248 
 4.786484 
 3.508211 
 2.408734 
 2.712659 
 2.789675 
 2.003242 
 2.639943 
 3.067511 
 4.39657 
 4.028875 
 2.639421 
 3.490601 
 4.226296 
 4.28298 
 3.557108 
 2.899323 
 1.744522 
 2.199086 
 3.019148 
 1.75691 
 2.446177 
 3.686218 
 3.545261 
 4.324294 
 4.726447 
 3.797987 
 2.78429 
 3.61027 
 3.926552 
 3.909045 
 4.613454 
 4.481435 
 4.05695 
 3.587989 
 3.084253 
 3.785197 
 4.461841 
 4.765272 
 4.445572 
 3.272232 
 2.85597 
 2.006764 
 2.505025 
 2.223096 
 1.369999 
 1.670013 
 2.890094 
 2.785087 
 3.477019 
 4.727799 
 3.635142 
 3.572147 
 2.798838 
 1.854933 
 2.612459 
 3.740594 
 2.587437 
 2.387039 
 2.794537 
 2.817226 
 3.696741 
 4.777503 
 5.100618 
 5.737277 
 6.814025 
 7.076783 
 7.96436 
 7.232825 
 6.148022 
 6.852694 
 5.548405 
 6.386249 
 5.282256 
 4.153608 
 3.673955 
 3.017906 
 1.740445 
 2.197829 
 3.394486 
 4.74476 
 5.220689 
 5.693021 
 5.32647 
 4.882987 
 5.259032 
 6.191302 
 7.445079 
 7.788411 
 8.964662 
 9.518083 
 8.831658 
 7.58185 
 8.097858 
 7.945438 
 7.020127 
 6.043641 
 5.232366 
 5.964186 
 7.105155 
 6.448088 
 5.59433 
 4.371186 
 4.280507 
 4.19465 
 3.629365 
 2.240468 
 1.586789 
 1.798318 
 2.78901 
 1.680286 
 .3129956 
 .3050889 
 1.474108 
 2.185679 
 3.20006 
 4.082792 
 4.122908 
 3.784351 
 4.647388 
 5.042418 
 4.232161 
 5.496933 
 4.984503 
 5.388516 
 6.225919 
 6.554923 
 5.769783 
 5.482092 
 5.081088 
 5.699657 
 6.689761 
 7.990455 
 7.98259 
 9.189787 
 8.980385 
 9.591585 
 10.75129 
 11.53196 
 12.14462 
 11.94514 
 10.85047 
 10.32753 
 11.54336 
 11.82481 
 11.66173 
 10.37494 
 11.25218 
 9.865975 
 9.486521 
 8.568268 
 7.403018 
 7.593073 
 8.849466 
 7.51759 
 6.264029 
 5.936279 
 6.37125 
 7.151449 
 7.217679 
 6.099558 
 5.673944 
 5.341202 
 6.573128 
 6.553033 
 6.745756 
 7.542871 
 8.206538 
 7.485765 
 6.192842 
 5.912016 
 4.676747 
 3.528886 
 3.380251 
 4.155465 
 4.325071 
 3.104698 
 2.830671 
 2.972506 
 3.252337 
 2.30016 
 3.102568 
 3.614089 
 3.938872 
 2.821198 
 2.008587 
 3.116812 
 3.918436 
 3.79798 
 4.648149 
 4.225037 
 5.295796 
 6.526301 
 5.742269 
 6.170601 
 6.011544 
 4.637461 
 5.848421 
 4.493453 
 3.558836 
 4.099421 
 4.603414 
 5.223312 
 5.217831 
 5.564456 
 4.992846 
 5.87211 
 6.129588 
 5.982427 
 6.590896 
 5.411972 
 5.169924 
 4.734763 
 3.976164 
 3.275584 
 2.253166 
 3.284019 
 4.631203 
 4.345325 
 5.065908 
 3.658467 
 4.382386 
 5.00662 
 3.750461 
 3.908061 
 2.547577 
 2.41352 
 2.875885 
 3.373687 
 2.296226 
 1.014912 
 .9892762 
 1.56255 
 2.578587 
 3.032166 
 2.584667 
 1.816086 
 1.10097 
 2.172284 
 3.170863 
 3.045374 
 2.989275 
 3.276075 
 3.518043 
 4.253985 
 3.607535 
 3.075231 
 2.900963 
 2.967612 
 2.449176 
 2.414566 
 1.792517 
 .9201579 
-.2908024 
-.7736694 
 .2021621 
 .5270873 
 1.237458 
 1.704464 
 2.712267 
 3.089633 
 3.502414 
 2.784345 
 2.705729 
 3.898942 
 4.189822 
 3.10719 
 4.096597 
 2.768637 
 3.573397 
 3.144498 
 2.024508 
 2.641823 
 3.179371 
 4.544984 
 4.185047 
 4.325023 
 4.11685 
 3.449458 
 2.901353 
 3.558782 
 2.820971 
 1.54718 
 1.867142 
 .9121553 
 .1930714 
 .2920523 
-1.087829 
-.3601837 
-.4772266 
-1.286002 
-1.768786 
-2.994437 
-4.159165 
-5.35224 
-4.107927 
-5.343703 
-3.964347 
-5.282514 
-5.684257 
-6.425353 
-6.40345 
-5.900458 
-6.864997 
-5.651782 
-5.872077 
-6.748483 
-7.850536 
-6.686881 
-7.328148 
-7.169272 
-7.010838 
-7.87898 
-6.974324 
-5.513487 
-6.708251 
-7.807217 
-6.807083 
-5.974897 
-6.369134 
-5.904143 
-6.788137 
-5.369731 
-5.802847 
-6.92328 
-5.723465 
-4.639868 
-4.295426 
-3.720556 
-2.37423 
-3.082958 
-4.304518 
-3.097252 
-2.097236 
-2.958097 
-2.323624 
-1.833702 
-1.473434 
-2.799052 
-1.47069 
-.334665 
-1.07433 
-1.084174 
-2.564539E-02 
-.1629526 
 1.224363 
 .4510039 
 1.482961 
 .3645822 
-5.533622E-02 
-.2115961 
 .1164384 
 1.335158 
 2.459941 
 3.545548 
 2.550024 
 3.562393 
 4.033881 
 2.830503 
 2.260808 
 2.321304 
 2.664441 
 3.209918 
 2.591807 
 2.001537 
 1.733966 
 1.29772 
 1.667433 
 2.091074 
 1.776265 
 1.676245 
 1.139618 
 1.853921 
 3.051427 
 3.211852 
 2.134114 
 1.436056 
 2.483943 
 2.893156 
 2.443468 
 2.105404 
 1.645223 
 2.90313 
 3.222808 
 2.598531 
 3.180219 
 4.149415 
 2.978019 
 3.188602 
 4.377276 
 3.267098 
 4.093382 
 3.265799 
 4.617743 
 4.063922 
 3.554103 
 3.57218 
 4.131934 
 4.255508 
 4.710374 
 4.76604 
 5.421881 
 5.14401 
 4.850635 
 5.138473 
 6.143521 
 5.139617 
 3.88324 
 3.126912 
 3.039321 
 2.122758 
 2.868455 
 1.681289 
 1.205699 
 1.78839 
 .7721412 
 .367906 
 .7179905 
 1.4717 
 1.248786 
 .9038786 
 .0535333 
-.2930217 
 .7962731 
 .5487034 
-.606098 
 .766099 
 .6442881 
 1.293325 
 .6653753 
-.1349028 
 .202342 
 1.491489 
 2.097329 
 2.848975 
 2.941371 
 3.302109 
 3.53435 
 4.015828 
 3.932612 
 2.670611 
 3.561598 
 4.142571 
 3.888026 
 3.449139 
 4.427581 
 3.325903 
 4.566277 
 5.365626 
 5.77695 
 5.847579 
 5.582371 
 5.284447 
 3.842111 
 3.140323 
 2.638254 
 3.374474 
 4.595023 
 4.88089 
 6.099925 
 4.918513 
 5.27941 
 5.871632 
 5.100193 
 5.293321 
 4.787051 
 4.58406 
 5.895407 
 7.162178 
 7.421884 
 7.454509 
 6.407851 
 5.989708 
 7.201779 
 6.209018 
 6.373806 
 5.909095 
 5.712737 
 5.91106 
 6.803052 
 6.103711 
 7.070372 
 5.839539 
 5.44212 
 6.335543 
 7.334927 
 6.379972 
 7.491576 
 8.673784 
 8.868414 
 7.705888 
 6.491541 
 7.189651 
 6.674684 
 6.624458 
 6.09606 
 4.833208 
 5.152918 
 4.631574 
 3.238434 
 3.985222 
 3.886039 
 2.811072 
 3.777817 
 4.66498 
 5.711514 
 5.493721 
 5.512619 
 4.733201 
 5.064212 
 5.083701 
 5.2543 
 5.014252 
 4.293359 
 3.683582 
 3.829518 
 4.666077 
 4.221321 
 4.315416 
 4.082892 
 4.322258 
 3.097678 
 2.752842 
 1.78359 
 2.908262 
 3.99234 
 5.211318 
 5.634522 
 4.369301 
 4.698011 
 4.217178 
 5.372867 
 4.508226 
 5.045221 
 6.02203 
 5.607799 
 4.403944 
 4.829322 
 4.615418 
 4.684894 
 0 
 10 
 1 
