-1.001243 
-1.9801 
 .3053679 
 .8568897 
 .5819059 
 2.43503 
 3.107524 
 1.420071 
 3.326439 
 3.530635 
 2.641736 
 2.454582 
 .930209 
-.1813459 
-1.418076 
-1.204368 
-1.395246 
-2.311683 
-2.233173 
-2.923858 
-.8689929 
-1.349938 
-1.580246 
 1.152901 
 2.081813 
 2.416333 
 4.05052 
 4.517625 
 4.359342 
 5.683413 
 5.096733 
 6.775262 
 7.758914 
 5.069671 
 3.886297 
 3.003989 
 2.483452 
 4.246774 
 4.545422 
 2.817538 
 2.469552 
 2.358971 
 1.182512 
 2.913689 
 3.855609 
 4.360194 
 4.575408 
 3.345759 
 3.542568 
 4.035697 
 2.607691 
 3.005852 
 2.773111 
 2.598083 
 3.534343 
 1.505964 
 .242824 
 .1164089 
-.858568 
 .158078 
 1.12179 
-.102227 
-.4610842 
-1.733273 
-.9682989 
 9.429353E-02 
-.7031407 
-.143429 
-.8406901 
-1.965082 
-1.813158 
-1.146894 
 .4333845 
 1.633228 
 .9250661 
 2.281862 
 4.142046 
 2.564116 
 4.266678 
 4.538536 
 4.910141 
 4.786153 
 5.292716 
 5.045333 
 5.030284 
 3.375393 
 2.506817 
 4.786117 
 2.280998 
 1.518519 
 1.108367 
 1.375821 
 1.497424 
 .615767 
 4.293895E-02 
-.3073602 
-.4556079 
-2.345381 
 .253633 
 1.494875 
 2.690233 
 3.46177 
 2.799307 
 4.607955 
 5.848845 
 6.398331 
 6.164267 
 6.911762 
 4.578757 
 4.893208 
 4.514397 
 2.863767 
 2.492324 
 1.826986 
 1.389562 
 .9064484 
 .1365123 
 .173811 
 2.23816 
 .3233743 
-.2676916 
 .3427591 
 .2330666 
 .6491318 
 .1393147 
 1.843296 
 2.774374 
 3.75601 
 1.372134 
 3.206266 
 3.056849 
 3.555659 
 2.455222 
 .9101152 
 1.06015 
-.5695992 
 .3690386 
 .5893593 
 3.094561 
 2.434422 
 1.440626 
 1.358291 
 3.129445 
 3.855173 
 3.86836 
 4.762712 
 5.308393 
 4.15658 
 3.62517 
 2.07195 
 2.61573 
 1.30822 
-.64431 
-.2193909 
-1.02469 
-.2866697 
-1.93451 
-1.71262 
-3.80832 
-1.67055 
-2.59164 
-2.188765 
-.5424099 
-2.799988E-02 
 .1485996 
-.2413397 
-1.2453 
-.4499397 
 2.16322 
 1.49555 
 2.533076 
 1.660179 
 1.110209 
 .3790102 
-.6532402 
-2.346115 
-1.4231 
-3.065393 
-5.745523 
-5.673003 
-5.469933 
-3.987588 
-4.38788 
-3.707807 
-2.4828 
-1.665563 
-2.047395 
-1.520299 
 8.886099E-02 
-.386023 
 .366715 
-.2144189 
 .3630543 
-1.045597 
-2.333749 
-1.827117 
-.3747449 
 .3236008 
 1.096737 
 1.027761 
 1.030242 
 1.1171 
 1.459934 
 .898962 
 2.034274 
 2.517878 
 1.424406 
 .137373 
-1.162329 
-1.857417 
-1.666749 
-2.275443 
-1.802493 
-2.010887 
-.8367462 
-.4668951 
-.7678971 
 .269732 
 .688107 
 2.536841 
 2.641309 
 4.390643 
 4.779836 
 5.410062 
 4.04822 
 2.609363 
 4.197871 
 3.908748 
 3.07817 
 1.275679 
 .469234 
-1.577832 
-3.516591 
-1.727989 
-1.99526 
-2.401221 
-1.814419 
-1.693227 
-.7120743 
 .6308212 
-1.01771 
-.7261591 
-.5792108 
-1.494927 
-1.759935 
-.5219188 
-1.471427 
-1.463335 
-2.969444 
-2.509491 
-1.534117 
-.2454243 
 1.413929 
 2.050178 
 3.869206 
 3.395177 
 1.673789 
 1.353169 
 2.601626 
 .1915398 
 1.388649 
 1.287644 
 .458817 
 .1851511 
-1.008783 
-.1753945 
 1.06417 
-.1318831 
-.3073521 
-.1257458 
-1.355166 
-1.515721 
-2.33286 
-1.702035 
-2.39291 
-3.942446 
-3.846885 
-1.540654 
-.5907211 
 1.047943 
 .681263 
 1.769068 
 2.241567 
 .279974 
 .1523671 
 1.201881 
-.1420631 
-1.957659 
-3.201515 
-4.79122 
-4.999436 
-5.975971 
-4.810823 
-5.315234 
-5.253164 
-6.240332 
-4.579157 
-2.327171 
-.8841379 
 1.199435 
 2.212682 
 2.220418 
 2.245898 
 4.122446 
 4.513596 
 4.040961 
 3.731089 
 3.213938 
 1.141019 
 .545609 
 1.061547 
 2.952719E-02 
-.284039 
-.7597351 
 .3876131 
 .301765 
-1.616788E-02 
-.5387261 
 .8867431 
-.4880121 
-1.217964 
-1.656008 
-2.477476 
-2.126158 
-3.876167 
-2.103421 
-1.099952 
-.5409088 
-.4164112 
 1.990709 
 1.533001 
 1.771744 
 2.422392 
 1.354775 
 2.639608 
 1.06621 
-.2948205 
-1.017129 
-.2538099 
-1.394222 
-.25194 
 .115541 
 2.002597E-02 
-.248462 
 .4628079 
 1.070343 
 .4591777 
 .9993591 
-1.424474 
-.5806091 
-2.38079 
-2.139966 
-2.92129 
-3.18304 
-4.336408 
-3.319438 
-3.017523 
-2.516622 
-1.088288 
-2.885595 
-.7887043 
-6.855291E-02 
 .496727 
 1.544758 
 2.382208 
 1.417673 
 3.225209 
 3.182751 
 1.87251 
 3.670174 
 2.494909 
 1.009149 
 1.463038 
 .2630437 
-1.352123 
-.9467882 
-1.727994 
-3.645411 
-3.439745 
-4.164983 
-2.844396 
-1.208296 
-1.704992 
 .5444667 
 1.172968 
 2.118557 
 2.901188 
 3.088065 
 3.982846 
 4.502077 
 2.228736 
 1.799952 
 2.928102 
 2.134112 
 3.040242 
 1.181094 
-.7523419 
-1.107306 
-.179001 
 3.081512E-02 
 2.77803 
 3.645916 
 2.564174 
 3.204496 
 1.238198 
 .8910761 
 1.749759 
 1.991532 
 2.061109 
 1.623427 
 1.557076 
-.3521032 
-1.485496 
-3.159508 
-1.316802 
-.1242938 
-4.916191E-02 
-.2556801 
-1.426494 
-1.260567 
-1.750333 
-.4358158 
 .1561811 
 1.406352 
 .8448381 
 .9077642 
 .848649 
 2.949764 
 2.966455 
 2.928954 
 .7853992 
-.814038 
-1.979504 
-3.347249 
-2.981119 
-4.015177 
-5.141561 
-5.674253 
-4.573191 
-5.89486 
-3.188165 
-1.493255 
-.6382749 
 1.41011 
 2.235113 
 3.654355 
 5.271963 
 4.378014 
 3.9525 
 5.030809 
 2.765999 
 2.82115 
 3.680201 
 2.829821 
 .7527649 
 .4120069 
-.5041151 
-.778441 
-1.037978 
-2.861278 
-2.378244 
-2.932903 
-2.47682 
-2.961195 
-2.671731 
-2.776542 
-3.25261 
-2.168151 
-2.878034 
-2.680943 
-1.634514 
-1.203779 
-.6062859 
 .2065169 
-.4550648 
-1.304163 
-.3853273 
-1.285093 
-.1536154 
 .9175571 
-.5259469 
-1.891142 
-2.093458 
-2.765036 
-1.145144 
 .7926385 
 1.14745 
 .8750422 
 .2188837 
 .5002102 
 7.106191E-02 
-.2859631 
-1.678554 
-1.634255 
-2.177306 
-2.199945 
-1.430586 
-.2533201 
 1.094646 
 1.796051 
 3.248381 
 4.437836 
 4.486303 
 3.744532 
 5.309646 
 4.370486 
 4.67848 
 4.55297 
 2.871786 
 1.820937 
 1.30912 
 1.908886 
 .907449 
 .9290849 
-.5725329 
-.6392691 
-2.519118 
-2.077206 
-.5348151 
 .2388668 
-.2175498 
-1.956201 
-.357497 
-.113625 
-.716243 
 .400264 
 .223658 
-.676222 
-1.080857 
-2.074929 
-2.475302 
-2.434083 
-3.272687 
-1.364926 
-.9886458 
-3.581202 
-1.348099 
-2.651258 
-2.252932 
-1.365843 
-.4382772 
-4.917731E-02 
 1.668213 
 1.539492 
 1.79762 
 3.599806 
 2.435772 
 3.653785 
 1.769676 
 1.310528 
 2.025905 
 4.060738 
 2.988715 
 1.50765 
 .9351211 
 .1821411 
-.4904509 
-1.319118 
-.4193549 
-1.384186 
-2.486747 
-4.196275 
-5.056668 
-3.94063 
-3.930251 
-2.46162 
-1.30639 
-1.693143 
-2.804963 
-1.159826 
 .3548681 
 1.629561 
 1.068416 
 .8752587 
 2.31647 
 .4882825 
-.6837744 
-.1798444 
-7.133007E-03 
-.2562891 
-2.047032 
-3.376211 
-3.260226 
-3.130011 
-3.379498 
-2.894653 
-1.99984 
-.3877809 
 .1198189 
-.7817644 
 1.144675 
 2.975508 
 3.67914 
 1.917579 
 1.100874 
 1.449473 
 1.906909 
 1.072613 
-4.185641E-02 
-.431772 
-1.102831 
-2.27826 
-2.011563 
-1.530673 
 .1723847 
-.4534416 
-2.443926 
-1.985402 
 .4311029 
 1.38972 
 .280984 
 .6324655 
 1.004303 
 .7881809 
-.3352869 
-.533704 
 .5714442 
 1.033023 
 .5724487 
 1.514098 
 .9184815 
 1.118075 
 .5298271 
 1.75941 
 .5777804 
 1.694652 
 .8695158 
 .8585156 
 .7884757 
 .82137 
 2.173048 
 1.677578 
 1.717831 
 2.474762 
 3.945864 
 4.420201 
 5.688262 
 3.991978 
 3.035969 
 .511065 
-.430214 
-.7093201 
-.7276729 
-1.168394 
-2.791574 
-3.27628 
-4.009838 
-3.51437 
-3.870897 
-3.136167 
-2.711481 
-3.262859 
-2.25376 
-3.238243 
-2.105952 
-2.775777 
-1.855302 
-1.328855 
-.1492407 
-.8675656 
-.387275 
 .114099 
-.46657 
 .9878042 
 1.345926 
 2.529877 
 1.461481 
 2.182404 
 2.587875 
 4.232877 
 5.375783 
 5.231377 
 4.514748 
 3.32877 
 3.175018 
 2.588102 
 2.43182 
 2.240108 
 2.649385 
 1.19307 
 1.327963 
 1.753593 
 1.6338 
 .733573 
-.3986242 
-4.079008E-02 
 .609586 
-1.23048 
-3.414974 
-2.049102 
-3.203036 
-2.863742 
-1.463985 
-1.594498 
-.799445 
-1.711682 
-2.137056 
 6.808186E-02 
 .3958551 
 .818768 
 1.944641 
 2.131661 
 .11853 
 1.461726 
 1.157727 
 1.635733 
 2.338622 
 1.646964 
 3.020499 
 3.118444 
 2.063733 
 1.084754 
 3.087852 
 2.051534 
 2.192997 
 1.501018 
 2.301511 
 3.068939 
 3.210921 
 3.084209 
 3.122041 
 3.185143 
 3.024374 
 2.573659 
 1.685216 
 1.881908 
 .9985499 
 1.10615 
 .8217058 
 1.04709 
 .3467617 
-.7690563 
-.8294449 
 .8469133 
 .8931079 
 1.995964 
 1.4658 
-.2407932 
-1.244678 
-2.719457 
-3.266311 
-.7595444 
-.9831538 
-2.60357 
-.8682408 
-2.396495 
-1.886621 
-2.50492 
-1.983409 
-2.361693 
-.57058 
-2.339223 
-3.729308 
-1.997708 
-3.977458 
-4.742615 
-6.026311 
-5.094056 
-5.654395 
-4.536269 
-4.317067 
-4.027687 
-3.185644 
-4.936039 
-3.165293 
-.5782419 
 .4511605 
 1.757818 
 2.513268 
 2.503623 
 2.082723 
 1.151143 
 2.81939 
 3.362618 
 2.638364 
 1.267663 
 2.589271 
 .708993 
 .8725519 
-.6203811 
-.5947919 
 1.101313 
 .225523 
 1.052302 
 2.101526 
 1.913816 
 1.049805E-02 
 1.266989 
 .5226681 
 1.650015 
-.325732 
-1.909221 
-1.689409 
-2.949876 
-4.416796 
-3.854574 
-3.613754 
-4.209529 
-3.952688 
-2.671011 
-2.584851 
-.4483596 
-1.394894 
-1.021264 
 .8380063 
 .1484472 
-.1560276 
-.9564196 
-.7593944 
-.6106767 
 .7107557 
-.4081734 
 1.079751 
 1.822739 
 1.780369 
 3.176784 
 4.331415 
 3.698546 
 3.178069 
 2.608279 
 2.816015 
 3.081205 
 3.040806 
 2.882782 
 1.960506 
-.2965641 
-.1772966 
 2.112827 
 2.366992 
 2.151063 
 1.859119 
 2.046556 
 1.47679 
 2.556538 
 1.960686 
 3.566403 
 2.76575 
 .755475 
 .9806242 
 .2685828 
 .6359839 
 1.579828 
 1.984229 
 1.744701 
 3.116917 
 1.978841 
 2.748139 
 4.802051 
 5.820902 
 5.488592 
 4.135726 
 2.806226 
 .8432722 
-1.510948 
-2.559157 
-.5958195 
-1.599241 
-2.117852 
-2.758298 
-2.703817 
-1.437993 
-1.051387 
 .6255884 
 .9207416 
 1.957146 
 1.003736 
 1.038887 
 .4130402 
-.8541651 
 .721283 
 .9299774 
 1.975327 
 .3369112 
 .2056551 
-.2115173 
 .2822113 
-.6844206 
 .3306265 
 1.202005 
 .5198107 
 .515132 
-2.211465 
-1.617199 
-.4949627 
-2.686405E-02 
-1.910162 
 .6906691 
-1.006079 
-1.842077 
-1.491909 
-3.20619 
-1.738391 
-2.127142 
-1.743156 
-2.000049 
-1.151298 
-2.596068 
-1.643928 
-1.431852 
-2.879182 
-.3945217 
 .476397 
 2.218613 
 3.164844 
 2.255053 
 1.240056 
 2.137946 
 2.439325 
 1.739812 
 2.521775 
 2.02966 
 .070117 
 .1580448 
-7.281017E-02 
-1.244218 
-.8868442 
-2.550776 
-4.346058 
-2.47903 
-2.964547 
-4.038952 
-4.337611 
-5.280923 
-5.014563 
-4.724142 
-2.797875 
-1.161807 
-6.176472E-02 
-.4145622 
-.0356369 
-.853791 
 .342267 
-1.170453 
-3.141374 
-1.784881 
-3.428724 
-4.304041 
-3.805214 
-2.872114 
-1.470501 
 9.887505E-02 
 .463747 
 2.123393 
 2.476338 
 3.082571 
 3.95304 
 5.083051 
 3.560983 
 2.883983 
 2.79896 
 1.534633 
 .6960292 
 1.006745 
 .5509157 
-1.388102 
-2.912813 
-3.205243 
-1.751963 
-3.521875 
-5.907413 
-4.995649 
-5.434748 
-6.278456 
-5.185468 
-4.991689 
-4.222676 
-5.929763 
-5.00447 
-4.565887 
-3.802485 
-4.924305 
-4.732559 
-5.25996 
-6.199723 
-5.170491 
-5.150292 
-4.172549 
-4.161998 
-2.825541 
-2.240991 
-2.163217 
-2.233693 
-1.110333 
-1.628973 
-1.695242 
-2.36827 
-2.015049 
-3.71631 
-3.671289 
-2.545543 
-2.479777 
-1.65153 
-2.971827 
-2.505791 
-3.222317 
-3.021941 
-1.881521 
-1.99095 
-1.745999 
-2.277603 
 6.128216E-02 
-.8461514 
-1.19154 
 .3529902 
 .98806 
 2.605129 
 2.12334 
 3.848723 
 4.087129 
 3.122437 
 1.597588 
 1.710821 
 4.213467 
 4.345259 
 4.038443 
 3.669611 
 3.429827 
 1.625258 
 1.111965 
 6.664181E-02 
 .5951457 
 .7721944 
-1.244995 
-2.373623 
-1.57214 
-1.906772 
-2.93796 
-2.208015 
-1.491376 
-1.101346 
-.1436057 
 1.651065 
 3.006821 
 3.458943 
 3.236676 
 2.446081 
 4.114657 
 3.194458 
 2.655859 
 4.835199 
 2.767257 
 3.060773 
 3.533227 
 2.844249 
 3.265397 
 3.272699 
 2.80929 
 4.660763 
 3.868947 
 2.242706 
 2.706755 
 2.5021 
 .2183319 
 1.01867 
 .7721649 
 3.011754 
 1.07773 
 .3183948 
 .5918465 
-.286558 
 .7118421 
-.5661557 
 1.955669 
 .7279115 
 .3773687 
-1.042971 
 .4054644 
 1.371757 
 .4460419 
 2.432455 
 2.523179 
 3.14479 
 2.051401 
 2.235221 
 3.197471 
 3.473564 
 2.184667 
 .9694077 
 .8593288 
 .6446193 
 1.029513 
 .1774259 
-4.472089E-02 
 .103778 
-.5523349 
-1.099326 
 .7709689 
-.170202 
 .9498606 
-.5184419 
-.7751579 
-.4184752 
 .8984239 
 .7235599 
-.651167 
 .3030521 
-.429616 
 .673483 
 1.690904 
 2.092512 
-.203675 
 .934679 
-1.165758 
 .8158 
 .4571561 
-1.522053 
-2.256159 
-2.720055 
-3.184667 
-1.77867 
-1.73339 
-3.400796 
-3.660272 
-3.856623 
-1.53483 
 .5240986 
 2.359276 
 3.354721 
 1.298501 
 1.103959 
 1.837381 
 1.438611 
 3.659678 
 1.688006 
-.1828784 
 8.615136E-03 
-.194399 
-1.0321 
 1.291545 
 .2056251 
 .8738209 
 .5510663 
 .248719 
 1.704058 
 2.263405 
 2.11595 
 1.509882 
 2.980569 
 3.153887 
 2.187024 
 1.403041 
 2.832113 
 2.057413 
 1.581547 
 .8672662 
 .398545 
-.708529 
-1.493286 
-2.552093 
-.5110621 
 .912338 
 1.90557 
 .960741 
-6.301022E-02 
 1.404749 
 1.366122 
 .5485411 
-.3609941 
-.648247 
-2.311676 
-2.60422 
-2.809809 
-3.105553 
-2.20154 
-3.457098 
-3.968172 
-2.112822 
-2.829754 
-2.467325 
-.9591831 
-.6098179 
-2.344342 
-2.28768 
-1.152847 
-1.464585 
-1.469594 
-2.980299 
-2.374995 
-2.230492 
-2.865706 
-4.533132 
-2.74994 
-2.441061 
-3.299109 
-2.258272 
-.6950462 
 1.646197 
 1.410113 
-.4416971 
 1.016087 
 1.475087 
-.782517 
 1.110577 
 1.223175 
 1.354081 
-.9798231 
-1.286243 
-1.245744 
-.3051729 
-.870659 
 .8458772 
 .9573679 
-9.027696E-02 
-.890076 
 .314431 
 2.793757 
 .5637596 
 2.281881 
 1.586561 
 .9455199 
 .5911655 
 2.332364 
 1.58291 
 1.053579 
 .5108153 
-.428635 
-.1785828 
-1.993456 
-.637256 
-1.051268 
-1.095669 
-2.923966 
-1.518391 
 .8383014 
 .644387 
-7.033022E-02 
 1.300234 
 1.893557 
 .9610938 
 .6280501 
 .6348973 
 3.111913 
 3.11597 
 2.579529 
 .7230339 
 1.899741 
 1.104801 
 .3466452 
 1.660164 
 2.917345 
 1.246891 
-.7286533 
-1.122197 
-.9907629 
 .153666 
 .312739 
 1.386349 
 1.518258 
 .3904856 
-.198557 
 .3771658 
 1.84742 
 2.873662 
 2.565022 
 1.470965 
 1.638731 
-5.067825E-03 
 2.168556 
 2.003547 
 2.53568 
 1.540754 
 2.026638 
 .377013 
-.3105161 
-.0914371 
-1.183289 
-1.109756 
-3.186606 
-1.335915 
-2.198313 
-1.043211 
-3.102757 
-2.603075 
-3.91479 
-1.822016 
-2.44072 
-2.029942 
-1.749302 
-2.924167 
-4.037879 
-4.965055 
-3.181159 
-3.803527 
-1.80325 
-3.825747 
-3.958537 
-3.084975 
-1.273831 
-1.601434 
 .8827981 
 1.377595 
 .9810981 
 2.587263 
 1.562882 
 2.448511 
 2.856052 
 1.578572 
-.7787991 
 .3685341 
 .250667 
 .1283169 
-1.276263 
-1.916492 
-2.503126 
-3.120432 
-2.537841 
-1.794345 
-.2004099 
-1.06849 
-1.971833 
-1.590152 
-1.472957 
-1.475916 
 .181262 
-6.661391E-02 
 .2795081 
 1.468866 
 2.044053 
 2.808572 
 3.616282 
 3.756409 
 3.195179 
 2.974113 
 2.846697 
 3.360944 
 3.40517 
 1.875133 
 1.385657 
 1.911928 
-.2592323 
 .4456898 
 1.245051 
-.4596903 
-.6850962 
 .1807745 
-.4555532 
-.5250226 
-.3160029 
-2.620249 
-2.136195 
-2.65014 
-1.085957 
 1.164 
 1.529926 
-.2496532 
 .9914475 
 2.07863 
 .7808839 
 2.413741 
 3.690746 
 4.537029 
 3.939507 
 3.121267 
 1.187436 
 3.853973 
 1.72192 
 2.41545 
 2.620947 
 1.474323 
 .1681651 
-.5508709 
-1.769741 
-.901886 
-.9269257 
-1.715929 
 .2453868 
-.388798 
-.441292 
 1.03626 
 .745208 
 1.415776 
 2.31158 
 .179683 
 1.493091 
-.3836861 
-1.394657 
-2.687929 
-2.838496 
-2.935545 
-.9109999 
-2.29705 
-3.811985 
-3.345777 
-3.596089 
-1.865462 
-1.414966 
-1.395618 
-5.127041E-02 
-1.430972 
-2.659947 
-1.305668 
-1.222589 
-1.33103 
-1.575985 
-.6769319 
-1.197358 
 .6772227 
-.5108899 
-.7304889 
-.294389 
 .2073983 
 1.403519 
 1.962577 
 1.373917 
 .6692494 
 1.180747 
-.2707976 
 .5574127 
 1.206296 
 .6898109 
-1.129237 
-5.603712E-02 
-.269166 
-.4913521 
-1.764914 
-3.604962 
-2.271518 
-2.069157 
-2.555806 
-1.456572 
-2.271343 
-4.488699 
-4.895677 
-4.733512 
-3.056286 
-2.979785 
-2.848683 
-4.196288 
-4.165388 
-6.030144 
-4.590162 
-4.423724 
-2.476098 
-1.311394 
-1.820438 
-.8807139 
-.6537838 
 .599762 
 .5989213 
 2.99081 
 3.58069 
 5.902095 
 3.979778 
 4.76357 
 3.600199 
 2.502985 
 .3406677 
-3.681803E-02 
 9.281731E-02 
-.4671798 
-2.178764E-02 
-.7849488 
 .8863461 
 .2171929 
 1.457439 
 2.382396 
 3.393624 
 2.348713 
 2.930558 
 2.421845 
 .8803089 
-5.795693E-02 
-2.175284 
-1.033405 
-1.636077 
 2.568889E-02 
-.4812529 
 1.405593 
 1.310385 
 1.298917 
 .2583849 
 .457397 
 1.141371 
 .4357171 
-.548841 
-2.764929 
-1.939451 
-3.86776 
-3.878007 
-3.173351 
-2.852036 
-2.508298 
-3.134945 
-2.384559 
-2.563961 
-2.543842 
-2.410214 
-.5392284 
-.3407474 
-1.667843 
 .0425148 
-1.297223 
 .958354 
-.8037291 
 1.787045 
 1.695744 
 2.328797 
 1.519524 
 1.42335 
 3.021065 
 3.5019 
 5.149389 
 5.460989 
 4.544445 
 1.860357 
 2.685347 
 2.797342 
 2.398679 
 1.603221 
 .8049841 
-.515384 
 5.321002E-02 
-1.668216 
 .4517959 
 1.56418 
 .7698469 
-.7658341 
-1.732873 
-.6682589 
-1.325269 
-.106492 
-1.716778 
-1.832475 
-3.668688 
-4.263936 
-3.696105 
-2.879305 
-1.410912 
-2.00583 
-.4399657 
-.3810689 
-.9665232 
 .3372684 
 .3220181 
 .994163 
 2.290316 
 .6055074 
 1.268706 
 2.048642 
 2.102263 
 1.15655 
 2.878869 
 1.822 
 3.221859 
 2.187583 
 .6698828 
 2.908507 
 2.522491 
 2.286214 
 .7954569 
 1.346493 
-.3589591 
 .2164201 
 .46067 
 .482331 
 .5530629 
-1.891723 
-2.268875 
-2.070977 
-2.690609 
-2.152319 
 .2102621 
-.5915991 
-.406024 
 1.16702 
 .9754932 
 2.976728 
 3.353294 
 3.438947 
 4.288219 
 1.726728 
 .122625 
-.2401659 
-.937851 
-.825112 
-1.087989 
-2.13228 
-2.092694 
-2.838787 
-1.526556 
-1.264709 
-.6376411 
 .111799 
 .9726499 
 1.35499 
 2.083775 
 3.533632 
 1.647966 
 .5514872 
-1.870736 
-1.783821 
-3.179087 
-2.636688 
-4.511522 
-5.010632 
-4.542907 
-6.663299 
-6.119453 
-5.190131 
-3.800356 
-1.758964 
-.9558678 
-.2408233 
 2.109016 
 2.306291 
 1.900757 
 3.264886 
 3.629956 
 3.815372 
 4.123691 
 3.864673 
 4.471062 
 3.572733 
 2.509794 
 .5845139 
 1.276383 
 1.22973 
 .3935342 
 1.089215 
 1.146674 
 1.080661 
 .4336751 
 .1883569 
-1.392103 
 .11093 
-.5692132 
-.4411349 
 1.789512 
 2.364414 
 .8020982 
 .1433309 
 .744428 
 1.229125 
 3.693546 
 2.221519 
 2.175019 
 2.267676 
 1.430556 
 .7259868 
 .6414955 
-3.850198E-02 
-1.251412 
-.8484212 
-1.015333 
 .3817737 
 1.684699 
 1.997423 
 1.892939 
 .4679592 
 .9117935 
 .7165717 
 3.041228 
 2.94821 
 1.563611 
 9.521051E-02 
-1.742979 
-1.779618 
-2.055993 
-1.536863 
-2.218384 
-1.454798 
-2.76996 
-3.190003 
-2.859678 
-2.34686 
-2.668522 
-3.88309 
-4.846364 
-3.371533 
-3.233803 
-4.417654 
-3.968742 
-5.5692 
-5.272998 
-4.861341 
-3.888667 
-3.181036 
-1.833135 
-3.483729 
-2.834051 
-1.629947 
-.5546718 
 .3643088 
-1.000408 
 4.909992E-03 
 .3314762 
-1.138784 
-1.216073 
-.4218097 
 .936893 
 .8127294 
 .1549048 
 .5353274 
 .935812 
 1.705246 
 1.415319 
 2.682275 
 2.678092 
 3.240459 
 1.924075 
 2.560619 
 1.409089 
 .5015898 
 1.641342 
 1.048445 
 2.246685 
 1.212693 
 1.644375 
 .7205763 
 1.815294 
 1.603611 
 .8845382 
 2.287655 
 2.572887 
 3.045514 
 2.506607 
 2.101561 
 2.990006 
 1.977097 
 2.124448 
 2.600492 
 3.340735 
 3.689435 
 2.519542 
 1.308108 
 1.461775 
 3.774874 
 1.924556 
 4.086857 
 4.124274 
 4.63707 
 5.819231 
 5.662364 
 6.000793 
 5.517831 
 4.104006 
 3.078516 
 4.037318 
 2.374671 
 3.318405E-02 
-1.209718 
-1.234799 
-2.76902 
-1.880715 
-.4605169 
-.1609368 
 .5086141 
-.9085526 
-.1886482 
 2.306042 
 1.581205 
-.2053359 
 .987685 
 1.018623 
-.5032282 
-.545429 
-2.40342 
-2.326371 
-1.604716 
-3.809467 
-4.086616 
-2.124213 
-1.349612 
-1.101803 
 .1717372 
 1.335869 
 3.617087 
 4.175875 
 3.370465 
 5.020457 
 5.597738 
 5.883023 
 4.788635 
 4.741212 
 3.868055 
 2.836246 
 .452785 
 .7687459 
 1.484086 
-.501533 
 .2717309 
-.954586 
-2.268321 
-3.247119 
-3.851546 
-2.534392 
-.6036482 
-1.489433 
-1.023122 
 1.153013 
 1.934184 
 2.519217 
 3.987743 
 3.201861 
 3.658753 
 1.457668 
-.116477 
 .3724084 
-1.472217 
-3.552919 
-4.13212 
-4.300874 
-4.822003 
-5.455894 
-6.390198 
-5.814039 
-4.489593 
-3.010375 
-2.337981 
 .1696422 
 .1309423 
 4.482603E-02 
-.8637869 
-.5937431 
 1.466027 
 3.227219 
 3.11039 
 1.259545 
-2.069688E-02 
-1.587278 
-2.114136 
-1.88928 
 3.878903E-02 
 .398978 
-1.099985 
-1.315071 
-2.243453 
-.4899251 
 1.450229 
 1.896384 
 2.349915 
 .598985 
-.6428471 
-.4255459 
-.715369 
-1.192545 
-.179544 
-2.176652 
-3.723212 
-4.642 
-6.102354 
-5.555778 
-5.012412 
-4.217125 
-3.593125 
-2.910323 
-2.553653 
-2.269315 
-.1008627 
 1.145228 
 3.403866 
 3.39823 
 3.419518 
 2.453408 
 2.97754 
 2.096906 
 .4969956 
 .4747521 
-.9660474 
-.9353069 
-1.080163 
-.6854019 
-.5458062 
 .4569377 
-7.590455E-02 
-.6305127 
 .1116398 
 .3432608 
 1.771741 
 1.920027 
 .2709883 
-.1952976 
-1.294289 
-2.055243 
-.4359128 
-.6111932 
-1.666546 
-2.416577 
-3.993205 
-4.604145 
-4.803506 
-3.382875 
-2.732285 
-2.31297 
-3.546508 
-2.653601 
-1.016825 
 .862991 
 1.395399 
 .5610442 
 1.660307 
 2.049752 
 1.902646 
 1.442096 
 .6687021 
 .4408598 
 1.244762 
 .8242003 
-.158361 
 .6124219 
 .209989 
-1.886436 
-1.486735 
-2.061631 
-.8825691 
-6.881499E-02 
-.273813 
-1.03137 
 .8408824 
 1.753518 
 2.905557 
 4.024222 
 4.427871 
 5.048237 
 3.672583 
 2.46192 
 .061167 
-.6663269 
-1.865075 
-2.424709 
-3.836361 
-4.333686 
-3.91038 
-4.486754 
-3.125216 
-3.010777 
-.2836961 
 2.036928 
 1.290085 
 1.229511 
 .6931078 
 1.111348 
 1.517532 
 3.224686 
 4.157274 
 4.882737 
 3.805855 
 2.689732 
 2.638216 
 3.716054 
 3.930471 
 3.300307 
 2.803978 
 2.128046 
 1.733005E-02 
-1.564452 
-3.006972 
-2.748085 
-1.125016 
-1.899435 
-2.07859 
-2.551547 
-2.334103 
-2.172731 
-.8598368 
 1.007672 
 1.674826 
 2.917827 
 1.489111 
 .9874449 
 .7452626 
 .5637282 
-.8559574 
-2.347201 
-1.951941 
-2.21901 
-2.776695 
-5.445035 
-5.352453 
-4.022437 
-2.54135 
-.6036281 
 1.209609 
 3.595635 
 1.961061 
 .8051021 
 .653926 
 2.984237 
 2.474666 
 .751725 
-.4972429 
-.5106421 
-2.17388 
-3.529443 
-1.570555 
-1.054939 
-.707255 
-1.973486 
-1.90039 
-2.295553 
-2.021224 
-2.935486 
-1.31545 
 1.058793E-02 
-1.533224 
-1.622551 
-3.803802E-02 
-.4565649 
 .197201 
-.280148 
 .5823731 
 2.147063 
 1.760983E-02 
-1.817562 
-1.570321 
-.7674329 
-.896081 
 .8954209 
 .8684251 
 1.377422 
 2.271965 
 .193244 
-.195617 
 .681035 
-4.131413E-02 
-1.169339 
-.898664 
-1.039768 
-1.411184 
-.9074039 
-2.152135 
-2.167277 
-.7952168 
-.5116892 
 .736305 
 1.642194 
 1.278996E-02 
-1.677551 
-1.155002 
-.5190198 
 .6368129 
 1.757484 
 2.474671 
 1.551925 
 1.364893 
 1.714254 
 2.115184 
 1.571747 
 1.980185 
 .9685528 
-1.455567 
-.7791722 
-1.565383 
-.293813 
 .3681629 
-1.24246 
-2.070581 
 .3026571 
 .3980482 
 .682482 
 1.910573 
-6.159902E-02 
-1.205356 
-2.30178 
-3.882344 
-4.201566 
-3.336189 
-5.376924 
-4.845786 
-3.353485 
-4.035468 
-1.851664 
-1.608746 
-.1816382 
 1.583669 
 3.14007 
 4.058877 
 6.223915 
 5.034996 
 2.753536 
 2.107934 
 .3277164 
 .6932282 
-4.421377E-02 
-.7293792 
-1.585077 
-3.173396 
-5.704634 
-5.590582 
-5.570176 
-4.773323 
-3.61097 
-1.888829 
-2.771389 
-3.062451 
-1.761095 
 .1476607 
 2.212713 
 1.824225 
 1.859507 
 3.069994 
 3.237329 
 3.210664 
 3.817351 
 3.750788 
 3.390762 
 3.803173 
 3.645577 
 4.165868 
 4.316145 
 4.767802 
 5.281334 
 4.066097 
 2.806399 
 2.008971 
 .4293051 
-1.842324 
-2.536119 
-1.986033 
-1.858378 
-3.362132 
-3.919165 
-5.191844 
-3.510395 
-3.202837 
-3.025859 
-2.472131 
-1.646875 
-1.697741 
-.4337001 
-.657239 
-2.4576 
-2.493522 
-2.998087 
-3.801271 
-2.754466 
-3.036662 
-4.981507 
-6.049868 
-7.063532 
-6.245483 
-4.160708 
-2.337075 
-3.56077 
-2.635023 
-2.681345 
-.7833548 
-.5008898 
 1.665984 
 2.658099 
 3.376872 
 3.447452 
 2.734457 
 2.693893 
 4.30722 
 5.397701 
 4.438661 
 4.88093 
 2.714526 
 2.268842 
 2.46871 
 1.729074 
 2.251871 
 2.276338 
 .9645572 
-.4817271 
-1.606592 
-1.835288 
-.3343158 
 1.024837 
 .187542 
 .9971972 
 1.812316 
 3.192877 
 2.397568 
 2.420685 
 4.438173 
 5.375867 
 4.513259 
 2.940505 
 3.611856 
 1.574179 
-8.520293E-02 
-.5586212 
 1.334267 
 2.316484 
-1.211405E-02 
-1.087765 
-.825474 
-1.395812 
-1.924877 
-2.193228 
-2.912212 
-1.803397 
-3.349403 
-4.002957 
-1.520649 
-1.929985 
-.695473 
 1.089313 
 .1256161 
 .6923819 
 1.302989 
 .5244379 
 .6061449 
 1.018698 
-1.234649 
-.281167 
-1.488974 
-3.03206 
-1.312551 
-.5665097 
 .4885488 
 1.241667 
 2.288872 
 2.73968 
 2.588091 
 1.498385 
 1.637102 
 1.524988 
 1.753505 
 .7875376 
-.2718568 
 .225703 
-.632477 
-.2944109 
 .8704989 
 1.755318 
 .971638 
 2.769682 
 2.643555 
 3.39311 
 3.44407 
 1.171874 
 .875895 
-3.709006E-02 
 .597434 
 1.774915 
 1.201403 
-.8746369 
-2.030462 
-1.999999 
-1.713525 
-.939456 
-1.221819 
-1.022868 
-1.259145 
-1.799993 
-.7953281 
 .7216868 
 .6308079 
 1.196758 
 2.355917 
 3.808846 
 5.027654 
 3.405373 
 2.548144 
 1.663505 
 1.263148 
-.2630908 
-.6750669 
-1.709897 
-1.864187 
-2.996531 
-4.672611 
-3.98766 
-2.580103 
-2.859139 
-1.064173 
-.86113 
-5.486512E-02 
 1.477906 
 .1425219 
-.4736421 
-.6460419 
 4.775047E-03 
-1.217833 
-.0202527 
-.6808209 
 .672044 
-.414284 
-.796463 
 1.094643 
 1.312229 
 3.632829 
 3.991976 
 4.032971 
 5.204679 
 3.809642 
 3.378579 
 4.844784 
 4.589757 
 4.541617 
 6.026307 
 6.264395 
 4.300998 
 5.635755 
 2.876518 
 4.92233 
 5.20703 
 5.139351 
 4.634664 
 2.906021 
 2.705832 
 .299542 
 1.76415 
 1.40478 
 3.886189 
 1.404367 
 1.643891 
 .7439189 
 .607388 
 1.978522 
 .1093273 
-.1382952 
 .836174 
 1.058734 
-1.043453 
-.7119842 
-.9590139 
-1.265129 
-.2227011 
-2.509249 
-1.171477 
 1.409793 
-.984786 
-3.167349 
-2.511657 
-2.254341 
-3.994904 
-2.821185 
-2.483619 
-2.272479 
-3.705611 
-3.965183 
-3.399841 
-2.806166 
-2.821992 
-.921504 
-.9035399 
-2.748293 
-3.230188 
-2.013078 
-2.07159 
-2.795144 
-3.547987 
-2.284706 
-2.956395 
-3.163634 
-1.415354 
-.1230689 
-1.190768 
-2.419332 
-2.485586 
-3.708501 
-1.325661 
-3.111389 
-2.55092 
-2.465921 
-2.316144 
-2.5329 
-2.548003 
-1.87476 
-.131866 
 1.544011 
 .816058 
 2.264673 
 2.366448 
 .739429 
 .484543 
 .6450591 
 1.524823 
 1.355997 
-.45962 
-1.210315 
-.400148 
-.1383361 
-.81651 
-.8020821 
-.6672031 
-.4291589 
-.505605 
-1.049209 
-.171381 
 .6133211 
-1.046105 
-2.713359 
-.494076 
-.2954459 
-1.933808 
-1.161694 
-2.448159 
-.362669 
-1.394935 
-1.465391 
-.373884 
 .577235 
-1.153915 
-1.066906 
-.3330979 
-1.498942 
-1.328499 
-1.878211 
-.232892 
-1.074551 
-2.589418 
-1.567437 
 .2486942 
 1.128596 
 1.671053 
 2.643282 
 2.553426 
 3.462721 
 3.644936 
 3.350083 
 5.37138 
 4.771711 
 3.165249 
 1.655212 
 1.790535 
 1.218879 
 2.814922 
 1.974311 
 .4094259 
 1.239687 
 1.378239 
-.398193 
 7.370239E-02 
 .178375 
 .5834107 
 1.038781 
-.1488087 
-1.784511 
-1.301056 
-2.300272 
-3.547469 
-2.53601 
-2.890062 
-2.722503 
-3.267237 
-2.805514 
-3.359256 
-2.651082 
-1.790697 
-.6001642 
-1.48621 
-2.379394E-02 
-1.031927 
-1.349798 
-1.844338 
-3.176968 
-2.020773 
-1.141876 
 4.591489E-02 
 .3088162 
 1.789327 
-4.857111E-02 
-2.874613E-02 
 .484736 
-.3229752 
 .9290662 
 .3029613 
-.5871849 
-1.258082 
-2.152998 
-2.148797 
-1.209586 
-1.300384 
-2.281288 
-1.321959 
-2.535996 
-1.128441 
-.1180758 
-2.101586 
-.9156971 
-1.586755 
-1.325035 
 .1826701 
 1.251118 
 .6188321 
 1.350798 
-.6625209 
 .1501689 
 1.759659 
-.1265249 
-.9611211 
-.4708772 
-1.778839 
-2.762724 
-2.065362 
-1.602177 
 .5788312 
-1.350112 
-1.232564 
-.2889147 
 1.238867 
 1.546764 
 2.338658 
 4.04221 
 5.62998 
 3.720666 
 2.605502 
 4.378579 
 2.896867 
 1.959478 
 .3845458 
-.6605129 
-.3597012 
-.1016269 
-1.825778 
 0 
 10 
 1 
