 2.949173 
 7.694344 
-8.622747 
-20.56717 
 3.4295 
-29.66683 
-5.404547 
 18.75279 
 28.77463 
-9.988551 
-14.89946 
 14.0952 
 31.52081 
 14.86937 
 41.64123 
 57.14025 
 11.93989 
 37.66739 
 19.85052 
 15.56672 
 29.80887 
-7.957135 
-.9801187 
-2.144285 
-15.34145 
-3.309436 
 8.304742 
-9.734019 
-23.10547 
 5.256948 
 27.33615 
 26.72176 
 52.5244 
 67.58358 
 31.21736 
 34.73655 
 58.9597 
 26.87824 
 20.7338 
-11.53352 
 24.80506 
 32.15641 
-9.482711 
-3.499221 
-29.25097 
-49.51068 
-16.32545 
-25.19385 
-50.2763 
-51.90954 
-46.05178 
-47.21466 
-4.163354 
 31.26584 
 16.90572 
-3.965166 
-26.99235 
-43.52287 
-22.19206 
-21.37526 
-21.84367 
-1.629047 
-12.42794 
-.7170641 
-20.11603 
-37.1511 
-22.06008 
-44.12366 
-36.25413 
 1.593831 
-13.86132 
 8.2313 
-1.46371 
-16.12941 
 16.32234 
 22.38321 
 25.07511 
 13.44431 
-18.14512 
-10.17482 
 6.583556 
 33.84378 
 48.61177 
 3.199461 
 3.364552 
 31.46378 
 19.5895 
 25.89968 
 19.52299 
 15.04491 
 8.468426 
-3.922081 
-9.700977 
-22.88487 
-47.57547 
-53.20634 
-6.170692 
-32.72861 
-33.12273 
-33.53394 
-25.36963 
-41.97047 
-33.37374 
-40.73996 
-21.52617 
-12.2486 
-32.48545 
 5.140519 
 15.85323 
 12.01478 
 .8875984 
-26.69208 
-1.062511 
-2.220751 
 15.5058 
 18.56234 
 36.29434 
-5.73092 
-25.81506 
-48.4215 
-63.01333 
-57.97076 
-67.60599 
-84.30123 
-60.04391 
-32.38431 
-20.14193 
 7.492215 
-22.52837 
-39.28633 
-17.0937 
-14.65593 
-20.69907 
-39.5465 
-15.77641 
 18.82276 
 16.91189 
-16.27617 
 4.289472 
-2.462889 
-4.793763 
-4.110291 
-22.97372 
-29.23483 
-49.19678 
-30.61549 
-44.17249 
-3.880965 
-28.86037 
-26.50199 
-34.86238 
-.4658099 
 18.12838 
-1.978939 
 9.291428 
-9.318089 
-35.70486 
-59.12917 
-56.07755 
-20.85991 
-27.88384 
-39.36278 
-30.83733 
-39.11729 
-40.11251 
-60.68005 
-46.60684 
-53.69945 
-14.96135 
-3.566591 
 14.68426 
 40.36804 
 18.66356 
 15.41921 
-17.35635 
-4.64023 
-8.639933 
 25.03714 
-6.697353 
 22.5068 
 26.09772 
 8.635444 
-18.42166 
-15.70585 
-30.23757 
 11.1545 
-15.3867 
-44.99405 
-44.5989 
-29.11342 
 8.215817 
 9.815928 
 .2930064 
 23.39572 
 40.40681 
 41.86613 
 45.74073 
 67.7003 
 39.58572 
 27.53474 
 14.18835 
 23.65294 
-3.89629 
-9.105066 
-3.545629 
 19.35377 
 17.87566 
 7.848975 
 5.954721 
-14.21133 
-2.944164 
-2.163738 
 10.77867 
 34.83568 
 17.45446 
-1.670738 
-15.99326 
-35.92014 
-24.80041 
-36.43239 
-21.46637 
-24.49344 
 7.428257 
 5.051098 
-18.00145 
-1.621432 
 16.57092 
 20.51847 
 34.26984 
 2.401843 
 21.47672 
-3.521076 
 27.68517 
-7.930729 
-37.4114 
-8.148528 
-12.66969 
-12.17451 
-35.01826 
-52.94504 
-61.67079 
-76.3263 
-41.79941 
-27.05478 
-15.63232 
-30.8907 
-25.80699 
-1.901195 
 16.65491 
 5.640982 
 30.96565 
 40.53493 
 1.685192 
 8.835634 
 21.78529 
-16.56924 
-18.40196 
-19.85635 
-29.85052 
 10.98663 
 30.40783 
 36.00733 
 20.61738 
 30.45027 
 7.644139 
-5.060142 
-8.435009 
 24.42786 
-6.596014 
 3.66277 
-7.083833 
-32.70575 
-46.39453 
-63.17043 
-51.3938 
-5.662552 
 .2606034 
-.65046 
 31.51271 
 4.889146 
-6.10809 
-11.84168 
-23.66009 
-17.44709 
-37.14491 
-26.87737 
 12.67698 
 14.61135 
 38.27591 
 39.53858 
 24.72156 
 30.73417 
-6.813729 
 11.18782 
 23.12144 
 17.21742 
-11.28318 
-28.20386 
-32.86952 
-4.51147 
-32.90871 
-24.31996 
 .2359648 
 21.59151 
 4.332054 
 34.51389 
 47.38032 
 46.9437 
 61.98859 
 71.81932 
 47.32322 
 8.003192 
 35.89554 
 48.44888 
 49.47157 
 29.55082 
-12.11438 
-32.86612 
-47.23841 
-34.07981 
-30.6669 
-49.46999 
-52.5062 
-28.78435 
 3.630555 
 3.367959 
-19.48206 
 11.76732 
 1.273648 
-11.85397 
 9.355196 
-11.48911 
-13.04271 
-27.53735 
 5.20689 
 12.77475 
 .7168221 
-7.708923 
 18.77937 
 20.78914 
 44.62605 
 34.74474 
 13.25893 
 34.24142 
 9.774894 
-10.27075 
-29.98033 
-32.86058 
-57.94365 
-26.77548 
 5.11222 
-10.55737 
 5.006792 
-2.29454 
 19.1616 
 31.43121 
 19.02933 
-15.58419 
-18.74273 
-24.4073 
-3.520345 
-14.54385 
 9.127692 
-16.23187 
-6.786271 
 26.78967 
 3.284127 
 31.23909 
-2.273915 
 29.98029 
 32.65823 
 30.62028 
 49.90115 
 42.54634 
 13.38554 
 33.51484 
-3.279978 
-7.987458 
 12.22646 
-7.437067 
-14.65122 
-17.87915 
-11.28791 
-23.69639 
-12.38733 
-28.46211 
-50.48026 
-10.71876 
-32.74942 
-14.88463 
 17.19097 
-4.794004 
 25.97089 
 44.0016 
 28.64021 
 19.6232 
 32.66014 
 47.60917 
 27.45755 
-1.551787 
-13.85974 
-16.09225 
-35.34405 
-18.33406 
-40.0096 
-50.54153 
-24.18373 
-16.36424 
-33.76878 
 7.918018 
 5.467512 
-30.54166 
-29.01856 
-35.37134 
-8.854548 
 21.32289 
 38.48248 
 6.283525 
-23.73061 
-51.78898 
-62.4623 
-54.1983 
-60.6282 
-12.05382 
 18.36335 
 19.51269 
 29.43055 
-2.565351 
-19.83852 
-47.16961 
-12.88302 
 11.62782 
 29.08265 
 10.13055 
 3.02283 
 5.850557 
 25.31791 
 23.73624 
-3.115211 
-23.3254 
-26.80898 
-14.42341 
-20.65208 
-13.59577 
-14.83146 
-6.060669 
-34.98844 
-23.66808 
-36.79991 
 4.071976 
 34.23381 
 59.49026 
 67.34328 
 43.09853 
 51.48306 
 71.95892 
 37.19314 
 3.642267 
 15.23197 
-20.80198 
-27.49776 
-6.769816 
-30.63114 
-50.29022 
-51.82399 
-44.79937 
-28.57306 
-33.48414 
-39.10099 
-7.976303 
-17.78126 
-22.37056 
-23.4617 
 6.087715 
-.6495444 
 14.25435 
 21.821 
 9.699202 
 37.35931 
 38.55436 
 29.21446 
 2.118062 
 6.365728 
 22.27195 
 14.10028 
 37.6194 
 13.73671 
 20.4615 
 42.24091 
 16.92167 
 2.261809 
-31.85761 
-38.41486 
 5.199876 
 23.56447 
 23.06042 
 23.76116 
 1.484677 
 .8056288 
 20.9563 
 40.74131 
 2.633136 
 3.120935 
-3.084063 
-31.5412 
-27.41287 
-5.987229 
-3.597971 
-9.195936 
 23.35846 
 51.54564 
 44.78209 
 34.39119 
 32.73866 
-3.950143 
-25.7146 
-33.97549 
-57.743 
-66.84238 
-54.59512 
-36.19999 
-22.1068 
 3.136109 
-28.43097 
-28.99554 
-51.3442 
-51.40219 
-30.48901 
-20.40594 
-8.339875 
-17.64417 
 14.41684 
 30.24189 
 27.58762 
 15.1587 
 26.54105 
-2.987092 
-33.47643 
-42.92813 
-13.68673 
 22.18087 
 6.733945 
 16.42683 
 32.36655 
-7.541825 
 12.91804 
 9.551322 
-13.27275 
-3.576178 
 26.01719 
 50.68199 
 48.29721 
 1.774461 
 10.61691 
 40.54115 
-2.545449 
 27.31823 
-7.557106 
-21.1587 
-10.02023 
 14.43131 
-20.00227 
-46.77715 
-30.66376 
-34.21219 
-31.36783 
-22.30318 
-.1737107 
-2.864106 
-14.73881 
-40.54932 
-36.91209 
-21.6814 
 2.687076 
 8.150693 
 16.17672 
 33.01908 
 19.01923 
 33.54892 
 40.4351 
 43.11148 
 47.51537 
 14.01795 
 27.81622 
-8.024675 
-24.41258 
 12.77807 
 33.04167 
 5.504196 
-18.93877 
-32.59858 
 5.05838 
-11.20367 
-25.91698 
-4.858427 
 8.668232 
 25.33496 
 36.69837 
 13.98748 
 31.45045 
 38.97141 
 55.9384 
 22.66186 
 5.401991 
 7.390033 
-3.978022 
-23.43491 
-12.32633 
 .5583323 
-23.83958 
-48.66223 
-27.27809 
 4.262732 
 13.75738 
 4.831132 
-18.50611 
-14.76911 
 21.95784 
 35.97552 
 18.34262 
 11.46504 
 11.5256 
 20.5457 
-16.10036 
-3.118442 
 25.97755 
 9.239411 
-20.37722 
-21.06994 
 3.486244 
-6.105242 
-11.12831 
 8.59624 
 2.756778 
 16.63362 
 13.18559 
-12.95077 
-25.67658 
-47.26803 
-2.479726 
-14.66393 
-3.607221 
-15.53388 
 12.09028 
-2.426994 
 17.58157 
-8.576399 
-21.17308 
-45.02994 
-34.18977 
-27.60998 
-13.40728 
-41.64055 
-44.35727 
-57.44252 
-54.49253 
-22.02967 
-6.356541 
 27.1473 
 43.19527 
 35.45528 
 32.70124 
 2.721171 
 28.50243 
 9.915559 
 13.3619 
 16.81881 
 30.83137 
 37.89378 
 40.78079 
 47.8173 
 18.82206 
 16.14184 
 12.79186 
 13.96865 
-4.485415 
-9.668529 
-17.26334 
 19.50862 
 17.11234 
 17.75656 
 10.57019 
-24.55953 
-27.61191 
-44.73705 
-22.76082 
-39.4187 
-50.48733 
-45.97394 
-61.20878 
-37.73424 
-12.93628 
-13.07012 
-15.51672 
-22.93733 
-3.461821 
-21.43808 
-47.89247 
-9.63723 
-36.62452 
-31.12917 
-6.17069 
 13.79828 
 32.59323 
 4.373625 
-.3290958 
 25.01236 
 41.9522 
 25.08654 
 14.98951 
 .4540837 
-17.14554 
 8.056992 
 10.20877 
 10.01074 
 15.93164 
-16.2904 
 1.227535 
-14.64255 
-41.71116 
-46.88264 
-2.749674 
-12.09371 
 .3476734 
-8.745744 
-15.88003 
-23.76668 
-37.20543 
-47.43047 
-40.32969 
-21.2015 
-32.67701 
-12.02405 
-1.950835 
 5.669658 
-24.65476 
-50.60985 
-61.60785 
-62.66989 
-52.81617 
-32.70079 
-38.03959 
-5.527154 
 24.23686 
 20.22671 
 6.451141 
-29.95991 
-40.28283 
-52.57346 
-28.87456 
 12.79132 
-2.219412 
-20.58595 
 10.04343 
-16.66137 
-8.767027 
 1.369236 
 8.887682 
 19.93323 
 38.87188 
 1.535825 
-7.739152 
 16.461 
-2.613055 
 9.40721 
 .423738 
 22.79936 
 13.07082 
 32.02132 
 5.034999 
 18.34949 
 41.59177 
 12.06368 
 40.52778 
 63.0228 
 72.37667 
 54.81355 
 49.83815 
 33.74118 
 .9407835 
 9.645867 
 15.71178 
 36.14417 
 18.23018 
-18.07413 
-14.04494 
-40.13618 
-38.87665 
-31.51782 
-36.65544 
 4.817912 
-28.31686 
-12.32049 
-.4911483 
 2.188084 
-30.73617 
-9.077597 
-18.26391 
 19.02492 
 1.078359 
-9.580882 
-19.5861 
-24.60963 
-36.20551 
-20.58174 
-.5617225 
-15.72875 
-7.301807 
 .2433032 
 33.94542 
 55.57831 
 24.06825 
 37.36315 
 46.72027 
 28.3617 
 29.00861 
 21.17656 
 15.31738 
-13.87786 
 21.04389 
-4.876287 
 1.341059 
 13.87983 
-16.05198 
-2.703655 
 15.12412 
 30.89299 
 18.36211 
-15.79366 
-12.79752 
-3.715883 
-32.40903 
-30.94148 
-48.51719 
-60.47892 
-57.39688 
-8.328717 
 2.759415 
-13.66465 
-16.80634 
-14.49795 
-40.44774 
-33.59111 
-28.45341 
 9.715956 
-7.116262 
-28.74208 
-21.51284 
-26.00409 
-18.42029 
-20.33525 
-31.61072 
-53.32465 
-30.24852 
-30.39841 
-19.42766 
 12.10622 
 4.552115 
 9.037621 
-1.450734 
-31.85168 
-51.16446 
-62.16008 
-70.05121 
-33.77037 
-39.51713 
-54.5043 
-72.13776 
-40.44149 
-4.82763 
-1.473565 
 18.95452 
 47.46951 
 37.24724 
-3.033264 
 4.851709 
-7.293602 
-20.85658 
-3.10694 
-8.104786 
-14.2019 
-30.83953 
 2.51652 
-20.59912 
-23.08416 
-9.468108 
-3.040006 
 13.53681 
-15.39102 
-24.62664 
-51.88223 
-19.53971 
 16.05723 
-.9266661 
-20.6384 
 15.11591 
-8.63142 
-13.25222 
-19.15575 
-26.18475 
 13.42635 
 16.82976 
 13.84437 
-15.1987 
 15.02723 
-19.58784 
 4.124068 
 19.24667 
-2.986479 
 27.01864 
 18.8826 
 28.63343 
 14.37209 
-8.388891 
 .2046107 
 4.332182 
 .7523012 
 10.6079 
 26.40703 
-9.881873 
-32.27765 
-51.53599 
-68.89975 
-47.80297 
-2.789719 
-19.38527 
-26.06585 
 7.231612 
 5.226163 
-15.01146 
 12.02771 
-19.51353 
-40.88339 
 1.230883 
 25.65465 
 41.4763 
 64.6076 
 30.13704 
 31.67515 
 32.33083 
 56.18637 
 36.85692 
-4.161347 
 21.56352 
-5.655114 
-22.38367 
-9.341352 
-15.27868 
-9.519506 
 21.89349 
 20.36209 
 45.96278 
 52.71823 
 32.16591 
 40.27193 
 35.21142 
 21.9905 
-15.29014 
-43.92887 
-42.12165 
-36.08616 
-35.37181 
-17.07271 
-33.89377 
-30.33235 
-45.64476 
-1.966404 
-15.15396 
-42.37235 
-11.34801 
 7.450804 
-11.12976 
 10.63964 
 34.0435 
 58.75505 
 28.05489 
 16.56447 
 40.31359 
 59.76394 
 44.50991 
 58.2482 
 48.45606 
 29.90282 
 43.34962 
 48.25002 
 62.75886 
 22.96082 
 34.0805 
 37.39081 
 56.07186 
 64.78473 
 66.79617 
 68.00998 
 48.27104 
 51.13447 
 42.48712 
 8.132812 
-7.933188 
-8.045774 
 21.51286 
 42.14125 
 23.51877 
 48.13655 
 36.64632 
 59.45974 
 41.02811 
 48.42258 
 22.99504 
-12.79572 
 15.68147 
 18.62185 
 38.45129 
 50.1321 
 55.38455 
 69.75027 
 20.94528 
 35.72718 
 8.826208 
-9.799705 
-38.09501 
-1.038948 
 34.49308 
 10.08714 
 8.699073 
-4.285045 
-23.18737 
-37.99101 
-53.53879 
-32.47689 
-16.96385 
 12.30966 
-18.39381 
-35.67229 
-17.50296 
-14.65229 
-25.49637 
 3.566677 
-9.472068 
 24.66446 
 12.35339 
 28.17941 
 42.24262 
 38.77569 
 18.33629 
 18.60536 
 24.99918 
 24.45909 
-12.2311 
 13.00216 
-19.21309 
-39.29403 
-41.87145 
-34.91944 
-30.5374 
 2.02074 
-27.83939 
 5.149219 
-12.65437 
-40.95298 
-11.87728 
-39.03345 
-54.84909 
-29.11535 
-36.4729 
-3.946542 
-21.62559 
-35.76067 
-26.37189 
-10.70663 
-.092009 
-27.31605 
 8.997705 
 .1321309 
-11.061 
-40.08619 
-3.702628 
-1.448444 
-7.659122 
 23.49394 
 1.3843 
 3.524861 
-28.37565 
-.4883025 
-.9927988 
 2.166856 
-6.819472 
-29.57703 
-6.537176 
-22.81203 
-37.39886 
-40.02749 
-34.55177 
-8.627709 
-31.61379 
-28.88096 
 1.190102 
 6.9586 
 23.32489 
 3.401079 
-27.917 
-13.03934 
-8.425457 
 6.836042 
-4.61129 
 5.066593 
-19.10439 
 12.80958 
 1.914953 
 22.2627 
-5.866549 
-5.631884 
-35.78008 
-10.3524 
 17.04204 
-.7244543 
-7.003426 
-4.337784 
-36.95282 
-17.02841 
 21.22421 
-10.96572 
 9.422848 
-23.33823 
 13.35896 
 45.70914 
 47.36765 
 47.23748 
 12.61024 
-14.26813 
 20.9589 
 30.58167 
 48.97902 
 10.98062 
-17.50268 
-29.23953 
-53.46769 
-51.90107 
-10.1981 
-23.73175 
-4.734379 
 19.78922 
-13.12582 
 10.51807 
 30.24506 
 2.368441 
-26.69694 
-11.95456 
-36.83755 
-19.61209 
-16.14699 
 18.43848 
-6.328991 
-19.89548 
-7.690744 
-22.33391 
-29.85347 
-49.92908 
-71.33158 
-21.69607 
 2.161846 
-3.061639 
-5.763424 
-7.206695 
 19.00049 
 8.838707 
 19.95753 
 6.613312 
-3.500567 
-20.80222 
-34.4066 
-54.96072 
-21.03689 
 8.164953 
-4.766014 
-9.983582 
 26.23591 
 34.27198 
 24.4059 
 40.16508 
 19.21413 
-10.56311 
 19.17906 
 16.41487 
 31.54453 
 31.58568 
 12.47712 
 40.11023 
 21.93859 
 1.807113 
-18.48591 
 4.775514 
 31.71442 
-2.296541 
 24.33947 
 27.49594 
 46.83485 
 52.63634 
 26.89601 
 21.35065 
 38.02482 
 5.070012 
 22.52612 
 12.73417 
 11.97565 
-20.42727 
-46.48127 
-11.72575 
 26.2667 
-12.50165 
-.4791605 
 31.44328 
-1.786137 
-10.84333 
-8.520084 
 21.43056 
-5.734368 
 16.71654 
 23.77848 
-1.464998 
-33.17124 
 2.898379 
 3.31046 
 13.83991 
-19.27895 
-48.85313 
-5.440987 
-21.79843 
 9.882194 
 4.725721 
-19.71082 
-30.01776 
-5.058019 
 21.62611 
-9.258951E-02 
-11.75269 
 16.24466 
 37.70503 
 22.45738 
 22.15193 
-4.890022 
 25.90489 
 4.025295 
-31.0814 
-36.09777 
-19.34592 
-21.67105 
-6.442391 
 12.325 
 23.96766 
-3.862359 
-34.40979 
-43.53714 
-52.53134 
-6.103642 
-24.71562 
-8.736064 
 22.14364 
 1.547166 
-16.77296 
 5.636244 
 22.92208 
 9.70937 
-17.22533 
-8.721561 
-31.7382 
-39.78811 
-4.830812 
 9.469179 
 4.706249 
 7.468777 
-12.81211 
-43.33968 
-49.49961 
-5.194125 
-32.46412 
-1.234477 
-28.35571 
-7.131185 
-20.16047 
 12.71588 
-19.97731 
-9.568742 
-6.442848 
 21.02181 
 12.63751 
 31.25361 
 45.97839 
 4.735944 
 7.29071 
 6.453687 
 24.90042 
 14.32055 
 42.6256 
 7.942719 
 16.10178 
 25.68302 
 35.26504 
 25.9642 
 52.11502 
 63.56165 
 24.52463 
 27.67516 
 5.633955 
 28.89428 
 38.4665 
 21.30465 
-12.64536 
-2.255492 
-27.62198 
-9.296132 
-18.86192 
-42.60637 
-23.04065 
-12.6086 
-3.63312 
 20.75588 
 45.62247 
 14.27425 
-15.1601 
 2.83757 
 24.50283 
 6.459628 
 27.7189 
 40.32396 
 21.86135 
 20.97121 
 6.742478 
 6.042711 
 2.933842 
 8.106354 
 25.03965 
 7.130388 
-11.86606 
 15.79451 
-3.568444 
-26.93178 
-43.74899 
-50.13498 
-58.94335 
-41.87056 
 1.545859 
-4.769282 
-18.27625 
-2.347475 
-19.46394 
-1.91851 
-12.38806 
-40.57841 
-.3600227 
-13.97976 
 .7814068 
 35.24104 
 18.7363 
 3.457725 
-.8550099 
 14.45386 
-5.392385 
 20.6919 
 35.63111 
 24.05773 
-8.62673 
-28.06626 
-38.34493 
 5.763844 
-27.05655 
-33.37717 
-10.06845 
-21.02621 
-28.68074 
-45.38966 
-46.04625 
-35.25128 
 3.560751 
-27.70434 
-4.07592 
-31.17035 
-15.28682 
 2.35069 
 21.25458 
 9.53121 
 24.03213 
-4.125931 
 25.67496 
 8.230936 
-24.33039 
-32.66288 
-13.58995 
-32.25392 
 1.329194 
-20.72282 
-20.87712 
 13.95863 
 9.289736 
 39.69172 
 25.48835 
 36.04261 
 41.54037 
 10.51441 
-16.34003 
-1.543082 
 33.06299 
 44.31194 
 37.23742 
 18.89217 
-2.003351 
 16.14159 
-5.006224 
 9.069734 
 14.9361 
-10.3023 
 22.84813 
 39.97684 
 40.69693 
 8.783111E-02 
-3.869926 
-29.92265 
-11.74342 
 11.52169 
 6.247882 
-29.55366 
-20.95226 
-7.000822 
 20.2823 
 3.056476 
-13.83763 
-2.972976 
-10.7863 
-5.192411 
 5.805985 
 15.29898 
-12.38847 
 2.601761 
 33.13351 
 43.9813 
 62.70359 
 22.56076 
 1.219662 
 16.05041 
-4.084442 
 27.23301 
 52.37505 
 63.08406 
 74.00111 
 33.3199 
 52.11549 
 13.08174 
 28.23314 
 37.60352 
 57.7441 
 40.35067 
 56.79546 
 19.94633 
 12.99095 
 1.284963 
 7.539595 
-25.73128 
-30.57202 
-6.612489 
-32.71233 
-43.18708 
-61.56902 
-22.81643 
-35.51522 
-8.251731 
 27.52514 
 41.60488 
 29.15614 
 33.04734 
 9.228344 
-22.7833 
-28.56006 
-38.38388 
-32.56406 
-35.13472 
-16.27557 
-16.14129 
 11.23603 
 6.776744 
 .875829 
 8.718204 
 18.48307 
 47.9309 
 4.543071 
 4.756697 
-26.59929 
-12.96822 
-31.2011 
-23.97288 
-20.73193 
 18.34118 
 21.64081 
 32.724 
 9.568569 
 33.34094 
 49.39751 
 24.77104 
 42.07647 
 32.67203 
 3.756074 
 28.27489 
 21.24336 
 48.41333 
 4.42141 
 33.69284 
 50.23223 
 22.77901 
-4.641764 
-7.994004 
 7.158926 
-8.93067 
 24.59746 
-2.196475 
 7.656245 
-24.62222 
 6.386783 
-24.2798 
-20.17065 
-16.30941 
-38.55331 
-56.68792 
-51.39292 
-67.86657 
-18.84687 
 21.74415 
 21.91791 
-18.54021 
-7.282423 
 12.415 
 2.241403 
 5.643785 
-18.7385 
-3.153815 
-21.19452 
-9.945634 
 17.3996 
 17.17237 
 44.18048 
 24.68983 
 25.69752 
-5.781586 
 11.02265 
 23.94729 
 43.64639 
 54.48583 
 51.46119 
 21.94096 
 11.83214 
 15.00739 
-17.69778 
-40.28588 
 .7651562 
-14.35728 
 14.40722 
 16.99481 
-8.41708 
 17.75926 
-5.335822 
-18.12271 
-44.56471 
-37.07786 
-38.23311 
-19.8601 
-22.73895 
 12.71476 
 26.45536 
-10.40806 
-20.23735 
-22.87391 
-11.76671 
-25.38683 
 10.44365 
 3.387927 
-12.99504 
 18.9547 
 29.35014 
 51.40239 
 37.1563 
 14.21227 
 30.27212 
-6.53917 
-33.68383 
-11.42612 
-26.26643 
-29.13088 
-2.924879 
-20.52587 
-27.20005 
-35.33622 
-27.23541 
 12.19621 
 21.59038 
 38.35261 
 26.40346 
 6.964313 
 29.58104 
 29.28452 
 9.796216 
 10.05593 
-24.76198 
 6.439327 
 2.623751 
 6.103659 
-18.56994 
-35.89212 
-19.77888 
-43.18936 
 .9335687 
 32.49351 
 51.18481 
 61.85044 
 76.24542 
 48.3835 
 57.68625 
 35.12182 
 21.834 
 39.35733 
 51.9242 
 47.35251 
 28.46416 
-4.545369 
 7.375942 
-18.78437 
-48.75058 
-49.90145 
-30.15349 
-31.71031 
-11.35195 
-4.386707 
-17.84157 
-33.37508 
-29.20688 
-25.46736 
-27.55273 
 12.70902 
-.1960862 
-10.73803 
 24.07886 
 5.317406 
-13.36809 
-28.60378 
-9.918069 
-4.772655 
 26.17329 
 16.96312 
 17.33389 
 .1523724 
-22.52794 
-45.4108 
-12.43101 
-9.816058 
-10.75243 
-18.58137 
-44.91964 
-2.117883 
 6.556688 
-10.67543 
-10.87136 
-19.2767 
 8.85957 
 21.82848 
 42.52296 
 11.71993 
-19.45934 
-17.24409 
-37.7939 
-51.79657 
-38.33287 
-4.448926 
 10.17997 
 26.24217 
-11.1924 
-28.42252 
-14.65814 
 23.49149 
 37.80376 
 5.708807 
 9.831174 
 18.48433 
 43.36566 
 33.34265 
 25.67325 
 11.1074 
 7.012033 
 26.867 
 48.29345 
 44.37017 
 63.83635 
 23.56716 
 42.5066 
 62.7769 
 38.82351 
 60.02628 
 38.52906 
 40.25674 
 35.00214 
 17.57979 
 11.9345 
 25.62479 
 31.35858 
 24.79213 
-16.04212 
-2.977518 
 25.45486 
 8.269559 
 2.175907 
 29.22926 
 24.23679 
 14.96663 
-10.67057 
-4.250168 
-20.58916 
-14.79368 
 6.233774 
-25.23038 
-16.25164 
-14.91687 
-9.865499 
-23.91386 
-8.123345 
-16.91577 
-3.489104 
 20.6666 
 4.595442 
-14.05476 
-36.76592 
-6.437413 
-13.02613 
-4.694092 
-20.04876 
-22.33509 
 10.25558 
-3.015235 
-21.93746 
-45.46533 
-47.44225 
-4.145514 
-33.35246 
 3.297328 
-17.05633 
-32.77262 
-16.68822 
-32.61633 
-15.84529 
-10.57949 
-25.24689 
-45.71043 
-21.9326 
-38.90162 
-52.31463 
-71.46365 
-75.21256 
-73.91965 
-55.02942 
-29.1621 
-5.093871 
-5.7715 
-16.67646 
 2.887339 
 36.68853 
 25.7536 
-3.178256 
 15.68082 
-9.223923 
-31.32837 
-14.99275 
-28.74874 
 .9400837 
 .2790436 
-27.29391 
-6.257115 
 18.53251 
 4.339293 
-20.52031 
-2.554891 
 8.812637 
 33.63942 
 46.81554 
 15.84836 
 37.42111 
 51.2798 
 13.2035 
-20.28175 
-44.21375 
-50.23498 
-55.42868 
-69.95184 
-45.0452 
-32.07839 
-37.43741 
-20.7546 
-48.00304 
-39.69835 
-57.24815 
-40.09187 
-23.22914 
 11.64999 
 8.478831 
-12.16276 
 24.3068 
 7.925303 
 1.530318 
 30.20592 
 19.30918 
 31.79518 
-1.886176 
-20.9622 
 5.09286 
-23.62934 
-37.36007 
-58.52582 
-61.63837 
-52.39251 
-23.91353 
-10.35153 
 19.55937 
 34.96945 
 34.6063 
 41.33274 
 62.99504 
 31.21118 
 8.5869 
 12.36876 
 40.54619 
 61.50778 
 60.3439 
 32.93566 
-3.020649 
-2.559233 
-29.49253 
-37.32461 
-38.18692 
 .8366058 
 26.54961 
 .2572412 
-30.08156 
-32.08951 
-4.950583 
 29.07835 
 32.34725 
 21.70965 
-.5230473 
-19.0817 
 1.262616 
 18.87882 
-8.870263 
 6.209834 
-18.66573 
-30.46701 
-23.78542 
-30.20781 
 3.893068 
 16.39176 
 22.55113 
 40.51428 
 18.8252 
 2.315993 
 26.1389 
 42.98975 
 54.20067 
 63.65563 
 61.4514 
 45.29639 
 25.03081 
 27.76892 
-6.306582 
-24.18761 
 .5838723 
-28.11479 
-30.18037 
-53.84489 
-26.55545 
-19.27126 
 .8572611 
-2.480371 
-8.759586 
 13.34268 
 29.56618 
 27.29886 
 10.87889 
-20.74863 
-11.79202 
-12.13666 
-18.21076 
-4.286458 
 4.551325 
 5.63328 
 17.23172 
-16.75711 
-26.6025 
-7.798603 
 10.93811 
 31.19924 
 32.9528 
-5.843857 
 5.682241 
 33.1403 
 57.38208 
 52.12672 
 40.78498 
 47.29948 
 17.38525 
 19.29605 
 14.69453 
 11.75622 
-.7554531 
-12.18521 
-22.8983 
-20.86489 
 8.027721 
-2.280584 
-30.17119 
-12.56728 
 2.518962 
 21.77853 
 12.42675 
-22.58912 
-21.63928 
 4.524762 
 8.705258 
 6.687151 
 28.12791 
 22.7665 
 41.4804 
 22.34386 
-8.19068 
-32.95565 
-9.822358 
-31.45336 
-42.2714 
-59.44198 
-48.76319 
-44.74851 
-23.90786 
 6.598639 
 10.57426 
 39.43382 
 62.37689 
 50.15596 
 31.92194 
 29.79892 
 30.62877 
 3.938828 
 26.0322 
 11.73393 
 10.95661 
-25.67232 
-44.18356 
-10.99651 
-9.409366 
 12.58808 
 7.992881 
-23.64132 
-36.70716 
-59.30118 
-59.94371 
-52.48142 
-35.94624 
-3.691531 
-31.78399 
-11.36227 
 5.037124 
-13.6182 
-13.26556 
 9.246367 
 30.5101 
 49.84579 
 33.69109 
 7.10059 
-6.343579 
 13.70758 
 35.7648 
 4.620546 
-3.670403 
-15.38376 
-34.08368 
-15.14435 
-44.23624 
-16.25412 
-9.469191 
 17.12585 
 42.20925 
 43.72403 
 62.77416 
 24.91848 
 1.128921 
 24.94406 
 51.52395 
 55.31079 
 10.4526 
-5.169834 
-21.68711 
-48.09151 
-63.54543 
-29.53192 
-7.955276 
 22.60529 
-8.034286 
 20.67991 
 27.91312 
 39.74148 
 12.03217 
 16.45785 
 18.64632 
-15.84479 
-12.89166 
 10.87894 
 14.80652 
 37.74174 
 50.06192 
 50.03608 
 41.95913 
 .4367285 
-27.07144 
-12.27322 
-5.354415 
-22.208 
-.9825275 
 11.30496 
 41.77344 
 23.66012 
-16.71165 
 7.775294 
 25.99859 
 22.09907 
-.8506496 
-16.70312 
-40.08967 
-18.4804 
 8.172161 
-23.30026 
-1.416056 
 30.88874 
 21.13194 
 34.60622 
 36.77706 
 5.414771 
-21.06861 
 4.820881 
 13.59321 
 10.69934 
 25.77117 
 17.37636 
 3.003474 
-8.734295 
-18.07268 
 4.492027 
 21.78416 
 24.93017 
 11.48996 
-19.78063 
-24.92656 
-38.13085 
-15.62851 
-16.73669 
-32.8972 
-17.21465 
 18.2785 
 12.68756 
 26.18684 
 51.04135 
 12.66943 
 6.905889 
-12.78318 
-32.26875 
-5.119287 
 25.80191 
-7.409174 
-11.40633 
 2.250108 
 3.522346 
 24.69556 
 46.18292 
 43.51748 
 48.35533 
 63.39433 
 55.21181 
 63.57999 
 31.2274 
-2.965349 
 15.77366 
-17.28934 
 7.944861 
-18.24307 
-40.83185 
-41.29975 
-45.17205 
-63.75403 
-35.91719 
 4.574121 
 38.32446 
 41.51154 
 42.76476 
 23.63668 
 7.057341 
 15.21833 
 35.89022 
 59.34184 
 54.47203 
 70.18991 
 67.88464 
 35.23389 
-3.629758 
 10.87831 
 7.491728 
-15.19426 
-34.06823 
-43.77982 
-13.04263 
 21.08317 
 2.060637 
-19.06252 
-43.31095 
-33.61941 
-25.04818 
-30.9269 
-56.18549 
-57.69631 
-36.66588 
-1.487375 
-26.55061 
-54.05867 
-40.81371 
-.5508219 
 18.71696 
 39.2087 
 51.45649 
 39.83061 
 21.3135 
 37.10801 
 38.96017 
 10.09226 
 38.32363 
 18.41826 
 23.73662 
 39.64824 
 39.33464 
 11.16144 
 1.540034 
-7.301969 
 10.95344 
 34.53408 
 59.53215 
 46.0973 
 64.45448 
 45.24583 
 49.55252 
 67.52887 
 72.11024 
 70.85033 
 50.09987 
 12.31514 
-2.093162 
 30.84249 
 34.02592 
 23.80049 
-11.59273 
 14.27627 
-19.20761 
-22.35034 
-36.32291 
-53.46159 
-33.28613 
 9.061497 
-22.42449 
-47.10896 
-41.90527 
-18.22742 
 8.08542 
 9.915642 
-18.71319 
-23.94229 
-24.28113 
 13.69596 
 12.59064 
 15.03577 
 32.09898 
 42.19308 
 15.53618 
-19.51677 
-20.68638 
-43.44688 
-59.48106 
-46.75739 
-13.86696 
-3.962058 
-31.84886 
-30.7303 
-18.21062 
-5.349307 
-26.13741 
-5.859254E-02 
 14.30529 
 19.5636 
-12.08908 
-29.39283 
 5.677971 
 26.14095 
 17.64357 
 33.99034 
 16.35293 
 38.39721 
 60.5843 
 27.59667 
 30.65908 
 20.62087 
-17.19401 
 16.92749 
-17.43993 
-36.0376 
-12.74094 
 5.145441 
 20.51806 
 16.46668 
 21.38876 
 3.228608 
 24.35619 
 26.61958 
 17.38072 
 28.70416 
-5.585422 
-10.02999 
-16.49604 
-29.54189 
-38.20494 
-52.40765 
-13.156 
 25.67212 
 13.95441 
 27.8182 
-12.32584 
 7.862681 
 23.28422 
-11.89332 
-5.477082 
-35.73459 
-29.97983 
-9.560712 
 6.622413 
-20.33481 
-47.02367 
-35.72492 
-11.21903 
 17.82011 
 25.5128 
 8.31706 
-12.95808 
-27.22006 
 6.243876 
 31.03817 
 21.10163 
 14.09225 
 17.82715 
 20.05957 
 33.69074 
 10.49822 
-5.405224 
-7.801135 
-3.174148 
-13.96839 
-10.92147 
-22.41626 
-37.79773 
-57.61023 
-54.74828 
-16.2045 
-2.512574 
 15.60726 
 23.44408 
 42.18233 
 41.3453 
 40.91459 
 13.30542 
 7.564465 
 35.58195 
 35.4925 
 .4136741 
 23.91895 
-12.57427 
 9.66849 
-1.265471 
-28.05699 
-5.924361 
 10.59782 
 42.39387 
 24.35911 
 21.20291 
 11.50814 
-7.109954 
-18.28425 
 3.241115 
-13.75014 
-41.36734 
-23.09019 
-38.83125 
-46.60704 
-31.97514 
-56.55043 
-25.15326 
-20.1236 
-34.88463 
-38.55379 
-58.82306 
-73.16965 
-84.29252 
-33.07825 
-53.5443 
-8.374785 
-37.77068 
-40.59454 
-49.36497 
-37.61884 
-16.4241 
-36.49356 
 5.107729E-02 
-5.317046 
-27.41705 
-49.66603 
-10.57193 
-23.32159 
-15.91105 
-9.317215 
-29.66194 
-2.4978 
 33.35074 
-5.011793 
-34.1363 
-3.322094 
 17.84049 
 2.576048 
 10.80729 
-14.7306 
 21.19897 
 5.30519 
-25.80951 
 7.627398 
 32.35278 
 31.71946 
 35.91267 
 58.45688 
 25.84665 
-13.0453 
 17.83149 
 38.59364 
 7.459177 
 18.86433 
 26.01548 
 27.75304 
-12.3567 
 21.2354 
 44.77431 
 15.40487 
 9.409312 
 32.58881 
 21.64977 
 49.21031 
 18.67807 
 37.69099 
 1.751159 
-10.27372 
-11.36969 
-9.566751E-02 
 30.30083 
 51.11347 
 65.06776 
 24.4909 
 41.63425 
 44.09845 
 4.089122 
-11.66351 
-6.567229 
 4.733371 
 17.97026 
-.7439519 
-15.23091 
-17.6145 
-23.03869 
-7.67554 
 5.765098 
-2.641543 
-4.511889 
-16.09078 
 5.50744 
 34.70557 
 31.01918 
-3.336867 
-20.3461 
 10.80591 
 20.06233 
 4.544501 
-5.099428 
-14.70952 
 20.16154 
 24.79717 
 3.552138 
 16.50504 
 37.28816 
 .4784515 
 4.620466 
 33.7702 
-7.658189E-02 
 19.39685 
-3.937384 
 29.99416 
 11.13789 
-4.286171 
-2.269896 
 13.2139 
 14.37862 
 22.60507 
 19.35949 
 31.19607 
 17.91379 
 6.651646 
 12.84856 
 35.71246 
 4.062948 
-27.8883 
-38.8924 
-29.8536 
-42.97773 
-13.36689 
-36.96872 
-39.63485 
-14.58608 
-34.19014 
-35.89283 
-17.7272 
 6.236216 
 .1017389 
-8.70178 
-27.37983 
-29.20241 
 5.265158 
-.6441321 
-29.20935 
 10.78596 
 6.904919 
 20.56013 
 .4748656 
-19.98579 
-7.040055 
 27.18771 
 36.36167 
 45.50783 
 36.48366 
 35.85702 
 32.91803 
 36.81873 
 26.27377 
-10.92069 
 13.23687 
 26.24576 
 14.47687 
 .254977 
 24.53023 
-6.703214 
 24.86216 
 40.40934 
 41.37645 
 33.32116 
 19.07159 
 7.695564 
-28.47015 
-38.20584 
-39.39869 
-10.06342 
 24.41887 
 26.94302 
 50.30107 
 10.19295 
 15.6979 
 27.90992 
 3.643971 
 7.669273 
-5.011217 
-7.872642 
 27.47138 
 53.99273 
 48.35405 
 37.49278 
 3.342785 
-7.282508 
 25.87575 
-1.93742 
 2.824918 
-7.304903 
-9.063429 
-.3508323 
 23.36898 
 2.509516 
 25.86832 
-8.355595 
-15.9132 
 11.54252 
 35.68265 
 5.286119 
 31.11187 
 0 
 0 
 7.737763 
