 .7744541 
 1.550846 
-2.942744 
-4.189647 
 3.143588 
-6.93721 
 2.02795 
 5.799622 
 5.290963 
-5.731827 
-3.255507 
 4.882735 
 6.327687 
-2.791475E-02 
 7.549118 
 8.512511 
-4.51454 
 5.898997 
-.3219196 
 .3030331 
 4.468029 
-5.863916 
-.3788551 
-.6343161 
-3.50688 
 .8762175 
 2.701188 
-2.993288 
-4.575812 
 3.919892 
 6.575372 
 3.579904 
 9.107891 
 9.661912 
-1.352063 
 2.756181 
 8.742535 
-1.369426 
 .112455 
-6.404001 
 6.105231 
 4.851884 
-6.358557 
-.8210476 
-6.808492 
-8.691326 
 2.086463 
-2.853116 
-8.354099 
-6.036279 
-3.877637 
-4.507218 
 5.885234 
 9.749063 
 1.531222 
-3.133671 
-6.566456 
-7.634866 
-6.451387E-02 
-1.492124 
-1.908573 
 2.864864 
-1.919331 
 1.559832 
-4.281488 
-6.518331 
-.7388315 
-7.098358 
-2.977432 
 5.677778 
-2.072767 
 3.997789 
-.6916941 
-3.664466 
 5.67944 
 3.987546 
 3.374686 
-8.193359E-02 
-6.604074 
-1.131655 
 2.816969 
 7.677629 
 7.954676 
-5.24435 
-.9822931 
 6.492086 
 .9532077 
 3.21893 
 1.078514 
 .5726701 
-.42096 
-2.533161 
-2.374179 
-4.53334 
-8.733405 
-7.008236 
 5.577584 
-5.38473 
-3.531977 
-3.348189 
-1.245395 
-6.035517 
-2.36482 
-4.734245 
 .5793633 
 .8752118 
-5.340993 
 5.452238 
 4.286587 
 1.482367 
-1.313839 
-6.847642 
 2.437596 
 .125995 
 4.191293 
 2.924255 
 6.387184 
-5.813324 
-6.613992 
-9.104194 
-9.392118 
-5.783402 
-7.947904 
-10.74051 
-2.862684 
 1.646166 
 1.251144 
 5.760456 
-4.982525 
-6.647794 
 .7827933 
-.4967022 
-2.499504 
-6.533032 
 1.236737 
 7.414414 
 2.886061 
-5.782985 
 2.35129 
-.8475044 
-.8971708 
-.41759 
-4.918284 
-4.372273 
-8.02969 
-1.121106 
-5.762924 
 5.137326 
-4.921161 
-2.50595 
-4.523241 
 4.636216 
 5.597113 
-1.909422 
 2.225131 
-3.264066 
-7.762722 
-10.17833 
-6.183889 
 2.752063 
-2.429346 
-5.114769 
-1.969383 
-4.6503 
-4.10797 
-8.770595 
-3.116722 
-5.815315 
 4.088326 
 2.768888 
 5.063804 
 8.634179 
 2.044739E-02 
 .7091661 
-6.631643 
 5.925076E-02 
-1.452798 
 7.06444 
-4.026386 
 5.629251 
 3.782664 
-1.271169 
-6.148827 
-2.311073 
-5.33632 
 6.356659 
-3.996242 
-8.997119 
-5.43188 
-.9723037 
 6.606411 
 2.756858 
-.6417539 
 5.474347 
 7.10337 
 5.112537 
 5.279683 
 9.830915 
 .5502932 
 9.916496E-02 
-1.391965 
 2.74603 
-4.364678 
-2.669113 
-.1545751 
 5.098427 
 2.31405 
-.4391761 
 6.696086E-03 
-4.451668 
 .5140338 
-5.692673E-04 
 2.958244 
 7.279526 
 .2297057 
-3.157284 
-4.407433 
-7.143091 
-1.816312 
-5.113686 
-.2665729 
-2.319975 
 5.403029 
 1.383198 
-4.615426 
 1.522639 
 4.539201 
 3.328374 
 5.689806 
-3.698869 
 3.842473 
-3.626024 
 6.303511 
-5.069821 
-8.809463 
 1.955311 
-1.33907 
-1.027768 
-6.556267 
-8.406307 
-8.049181 
-9.989841 
 .2921303 
 .6345218 
 1.202872 
-4.246565 
-1.893327 
 3.419917 
 5.231316 
 3.392875E-02 
 6.606138 
 6.155988 
-4.745871 
 .6708235 
 3.701794 
-6.729905 
-3.2975 
-2.667395 
-4.536892 
 6.477801 
 7.040316 
 5.47952 
 .4194085 
 3.971809 
-2.364571 
-3.10919 
-2.091688 
 6.605536 
-4.06109 
 1.077914 
-2.141931 
-7.16292 
-7.457822 
-9.315348 
-4.105088 
 6.190016 
 2.68443 
 .7739413 
 7.987976 
-2.040376 
-2.638038 
-2.555096 
-4.399097 
-1.363907 
-6.350754 
-1.766304 
 7.04416 
 3.213097 
 7.731566 
 5.066963 
 .6710675 
 3.374102 
-6.037041 
 2.242558 
 4.004067 
 1.243712 
-5.2363 
-6.209123 
-4.847442 
 3.090893 
-5.350389 
-2.184992 
 2.945201 
 5.718287 
-.1071408 
 6.546751 
 7.280889 
 5.483885 
 7.981552 
 8.730572 
 2.347771 
-4.731117 
 4.366435 
 6.395113 
 5.485728 
 .7588456 
-6.847364 
-7.841821 
-8.039764 
-3.109342 
-2.418388 
-6.6256 
-6.06002 
-.3600368 
 5.105457 
 2.239271 
-3.70738 
 3.993343 
 7.275918E-02 
-2.664408 
 2.724167 
-2.759203 
-2.087168 
-4.620546 
 3.493422 
 3.311954 
-.4813708 
-1.932435 
 4.362409 
 3.239437 
 7.483367 
 3.428267 
-1.219314 
 4.640558 
-1.37654 
-4.251971 
-6.456068 
-4.893774 
-9.083918 
-.330793 
 5.116121 
-.9191664 
 2.323102 
-.309985 
 4.264712 
 5.380219 
 1.313803 
-5.709164 
-3.859889 
-3.80055 
 1.504615 
-1.895147 
 3.411631 
-3.439949 
-.3098678 
 6.571211 
-.7881971 
 5.741069 
-2.993114 
 5.437452 
 4.432918 
 3.173753 
 7.033809 
 4.063512 
-2.14848 
 4.086311 
-4.239302 
-2.910844 
 2.624487 
-2.394818 
-2.908112 
-2.673414 
-.6859648 
-3.510195 
-.3538256 
-4.205703 
-7.916035 
 2.365315 
-4.252013 
 .2276333 
 6.034016 
-1.212572 
 5.717471 
 7.561323 
 2.272451 
 .5979875 
 4.061347 
 6.597614 
 1.065144 
-4.171365 
-4.388773 
-3.028628 
-6.175118 
-.883613 
-5.92698 
-6.834882 
-1.601826E-02 
 .3196731 
-4.426181 
 5.115809 
 2.016914 
-6.454529 
-3.996726 
-4.562512 
 1.778562 
 6.600368 
 7.486756 
-1.604287 
-6.63476 
-9.926862 
-9.150021 
-5.426673 
-6.540291 
 4.231724 
 7.483523 
 4.317164 
 4.925802 
-3.10719 
-5.052472 
-8.911587 
 .984579 
 4.861447 
 6.305702 
 .1865891 
-.8668433 
 .4043851 
 4.583918 
 2.931165 
-3.153955 
-5.720029 
-4.355321 
-.6440986 
-2.363091 
-.6119859 
-1.253541 
 .5222782 
-6.206619 
-2.074995 
-4.90859 
 4.58071 
 8.453258 
 10.65696 
 9.276402 
 2.380502 
 5.095137 
 9.213097 
 .391411 
-4.87276 
 .6379889 
-6.492988 
-5.211248 
 .7231941 
-5.096168 
-7.903405 
-6.313165 
-3.942075 
-.6477764 
-2.859533 
-4.184365 
 2.700377 
-1.390819 
-2.507847 
-2.480534 
 3.921989 
 .5243016 
 3.317603 
 3.733342 
 .1719806 
 6.423409 
 4.928336 
 2.161703 
-3.222463 
-.3133132 
 3.5676 
 .9601724 
 6.115461 
-.4636216 
 1.975211 
 6.513199 
-.3504911 
-2.306679 
-8.006992 
-6.407207 
 4.454665 
 5.979352 
 3.635319 
 2.898958 
-2.202635 
-.966365 
 3.889558 
 6.906384 
-2.963395 
-.9703997 
-1.534474 
-6.789603 
-3.640383 
 1.519742 
 .8002521 
-1.046349 
 5.922204 
 9.641079 
 5.348345 
 2.452822 
 2.536426 
-4.895759 
-6.808043 
-5.93827 
-9.296694 
-8.88488 
-4.71827 
-1.044564 
 .5622761 
 4.33871 
-4.693204 
-3.597811 
-7.765126 
-6.003212 
-.8677712 
 .1023256 
 1.468517 
-1.81108 
 5.043189 
 6.189437 
 3.633365 
 .3810276 
 3.380228 
-3.380002 
-7.96996 
-7.089743 
 .901989 
 7.174648 
 .9046314 
 2.779693 
 5.393858 
-4.420585 
 2.080667 
 .8506524 
-3.934604 
-.2986259 
 5.912578 
 9.040667 
 5.976543 
-4.704332 
 .0268084 
 6.890565 
-4.028942 
 4.494016 
-4.006003 
-4.921014 
-.8305321 
 4.259907 
-4.712533 
-8.663836 
-2.718339 
-3.536976 
-2.720906 
-.9209821 
 3.063455 
 .6820079 
-2.376311 
-7.214219 
-4.409817 
-.6189424 
 3.692803 
 2.813272 
 3.289814 
 5.779708 
 1.228084 
 4.601382 
 5.170372 
 4.893572 
 5.289697 
-2.286768 
 2.731149 
-4.905967 
-5.902687 
 4.073626 
 6.636333 
-1.269063 
-5.366729 
-6.113255 
 3.638526 
-1.653566 
-4.388156 
 1.217059 
 3.082375 
 5.24772 
 5.930037 
-.3433296 
 4.299038 
 5.065327 
 7.779201 
-.758281 
-2.708197 
-.3986276 
-2.153672 
-5.197795 
-1.074718 
 1.59855 
-4.449712 
-8.354361 
-1.584485 
 4.50087 
 4.079749 
 .5468571 
-4.425026 
-2.040344 
 6.088316 
 6.64968 
 .9818015 
-4.362414E-02 
 .6206285 
 2.782974 
-5.451048 
-.3839673 
 5.797808 
 .2746668 
-5.618201 
-3.565016 
 2.555988 
-.7795081 
-1.710844 
 2.842764 
 .4070915 
 3.239172 
 1.512045 
-4.162003 
-5.09509 
-8.039356 
 3.548321 
-1.243531 
 1.016795 
-2.290341 
 4.027477 
-.7427003 
 3.775037 
-2.997383 
-4.350928 
-7.964921 
-3.446176 
-1.895966 
 .7046001 
-6.386539 
-5.46724 
-7.420972 
-5.561479 
 1.576527 
 2.744628 
 7.833721 
 8.077074 
 4.044775 
 3.016285 
-3.288347 
 4.2261 
-.6221103 
 1.01134 
 1.872398 
 4.636972 
 5.073757 
 4.759534 
 5.661697 
-1.16968 
-1.720585E-02 
 .1687199 
 1.015247 
-2.705875 
-2.447125 
-3.131529 
 5.513591 
 2.824312 
 2.229381 
 .371653 
-6.666429 
-4.720507 
-7.050874 
-.7103506 
-5.041074 
-6.551853 
-4.495823 
-7.562895 
-1.504222 
 2.543504 
 .3101302 
-1.10115 
-2.861385 
 1.673331 
-3.286464 
-8.089166 
 2.118356 
-5.337923 
-3.033955 
 2.309685 
 4.815722 
 6.687537 
-1.416127 
-1.332843 
 4.769977 
 6.890286 
 1.568351 
-.1124784 
-2.288212 
-4.620106 
 2.473032 
 1.908265 
 1.299098 
 2.326394 
-4.95897 
 .7626984 
-2.961007 
-7.713922 
-6.532952 
 4.049942 
-.4543419 
 1.77266 
-1.167608 
-2.458815 
-3.536812 
-5.578835 
-6.474258 
-3.752376 
 .2850278 
-3.456181 
 1.145374 
 1.934753 
 2.292331 
-5.133574 
-8.918077 
-8.739794 
-7.175033 
-4.292353 
-.4104058 
-3.077416 
 3.505012 
 7.403854 
 3.518796 
-.3513105 
-7.457881 
-6.870951 
-7.607674 
-1.004032 
 6.783738 
 .3234444 
-3.855104 
 3.741904 
-3.537569 
-.6999865 
 1.368068 
 2.219374 
 3.721886 
 6.603505 
-3.027244 
-3.111903 
 3.394718 
-1.723311 
 1.68042 
-.6878415 
 4.451509 
 1.024134 
 5.123686 
-1.829839 
 2.326608 
 6.850191 
-1.133651 
 6.185621 
 9.487998 
 9.305203 
 4.073769 
 3.617149 
 .8166159 
-4.72858 
-5.757448E-02 
 1.779936 
 5.890168 
 .6199583 
-6.393657 
-2.763602 
-7.394476 
-4.961873 
-2.610146 
-3.873742 
 5.140151 
-4.602373 
-6.765502E-02 
 1.790208 
 1.272351 
-6.289781 
 .2994986 
-2.306528 
 5.906554 
-.3145862 
-2.314442 
-3.579737 
-3.596587 
-5.261406 
-.8472934 
 2.743564 
-2.097275 
 .0544585 
 1.212308 
 7.606503 
 9.530647 
 .3131427 
 4.241317 
 5.75093 
 1.046459 
 2.113951 
 .8024883 
 .2518365 
-5.207106 
 4.456581 
-2.478484 
 2.509031E-02 
 2.723335 
-4.425805 
 .1167973 
 3.653731 
 5.64568 
 1.366267 
-5.627668 
-2.542094 
 .1696384 
-6.174037 
-3.995174 
-7.029636 
-8.053041 
-5.958952 
 4.750764 
 3.830566 
-1.734305 
-2.119421 
-1.301614 
-6.789106 
-3.551924 
-2.210321 
 5.575273 
-.7241196 
-5.238723 
-2.197936 
-3.022301 
-1.063738 
-1.845385 
-4.241567 
-8.038571 
-1.353084 
-2.238206 
-.268564 
 5.468248 
 1.315755 
 1.733089 
-1.003216 
-6.891545 
-8.634328 
-8.653051 
-8.60731 
 .2804351 
-2.938016 
-6.518659 
-9.364103 
-1.109415 
 4.834959 
 2.427956 
 5.217326 
 9.18028 
 4.208468 
-4.719271 
-.4433267 
-2.474214 
-4.269524 
 .8453453 
-.8746862 
-2.085193 
-5.134173 
 3.23108 
-3.402521 
-3.044677 
 .3564412 
 .9828969 
 3.727638 
-3.82077 
-4.353367 
-8.869974 
 .3351439 
 6.565434 
-3.35005E-03 
-4.201938 
 4.675593 
-2.254661 
-2.369765 
-2.939301 
-3.732341 
 5.377664 
 3.657543 
 1.791942 
-4.623075 
 3.635671 
-4.974537 
 1.880362 
 4.181026 
-1.913484 
 5.368364 
 1.966186 
 3.890893 
 .1580697 
-3.942576 
-.2675586 
 .7702964 
-.2009255 
 2.033494 
 4.740244 
-4.252238 
-7.000484 
-8.690853 
-10.03724 
-3.44063 
 5.454801 
-1.406354 
-3.042062 
 4.338363 
 1.753915 
-3.25525 
 3.536622 
-4.531786 
-7.425007 
 3.586103 
 6.681726 
 7.474922 
 10.20314 
 .4588418 
 2.157195 
 2.75274 
 7.917424 
 2.248342 
-5.700761 
 2.847979 
-3.38401 
-5.220127 
-.6193927 
-2.014217 
-.448526 
 5.909717 
 3.299228 
 7.855945 
 7.156813 
 1.489265 
 4.073814 
 2.805524 
 .2904879 
-6.529246 
-9.545015 
-5.936628 
-3.466127 
-3.242541 
 .5904395 
-4.23083 
-2.83747 
-6.044512 
 4.22236 
-1.149982 
-7.029732 
 1.332334 
 3.885456 
-1.909711 
 3.191536 
 6.818541 
 9.860609 
 .7925374 
-.5623763 
 5.673202 
 8.624895 
 3.592129 
 6.796835 
 3.908674 
 .3437531 
 4.604332 
 5.288463 
 7.859751 
-1.725919 
 2.885641 
 3.742035 
 7.510427 
 7.978821 
 7.235848 
 6.872635 
 2.378488 
 4.214263 
 2.700955 
-3.804612 
-4.500761 
-2.304809 
 4.83753 
 7.503574 
 1.460627 
 7.066348 
 3.109913 
 8.080234 
 2.682885 
 4.89785 
-.6991689 
-6.567115 
 2.600408 
 2.542759 
 6.235294 
 7.118302 
 6.765067 
 8.825364 
-2.844079 
 3.08751 
-2.445684 
-4.443861 
-8.316735 
 2.307218 
 8.371358 
 .1818846 
 .3330348 
-2.122023 
-5.084804 
-6.470203 
-8.003762 
-1.774543 
 .764678 
 5.551112 
-3.512831 
-6.084115 
-.6200806 
-.6098138 
-3.333208 
 3.358412 
-1.171392 
 6.18888 
 1.295623 
 4.538195 
 6.36235 
 4.188309 
-.4669032 
 .8657744 
 2.717149 
 2.366526 
-5.417735 
 2.420225 
-5.078911 
-7.361907 
-5.710338 
-3.166593 
-2.283691 
 4.250042 
-4.43112 
 3.606163 
-1.986441 
-7.464185 
 .8211596 
-6.028398 
-7.935643 
-.8345132 
-3.480871 
 3.427791 
-2.529936 
-5.19513 
-2.108474 
 .992836 
 2.058012 
-4.891539 
 4.145726 
 .3269258 
-2.215077 
-7.624065 
 2.341372 
 1.23389 
-.8799596 
 5.779383 
-.9993419 
 .1158719 
-6.476153 
 1.66318 
 .5500643 
 .8368894 
-1.430009 
-5.750644 
 .8749528 
-3.423952 
-5.722096 
-4.94434 
-3.062222 
 2.314553 
-4.359871 
-2.940454 
 3.547164 
 2.735949 
 4.948902 
-.8893886 
-6.773064 
-1.172681 
-.2218682 
 2.66207 
-.9438256 
 1.398271 
-4.2381 
 3.935954 
 2.166885E-02 
 4.397305 
-2.901382 
-1.462166 
-7.255001 
 .4213747 
 5.37541 
-.603005 
-1.609082 
-.4817762 
-7.301156 
-.8202102 
 6.787211 
-2.831639 
 2.531218 
-5.343618 
 4.257941 
 9.288353 
 6.658062 
 5.29197 
-2.53887 
-6.012998 
 4.168634 
 4.881626 
 7.546972 
-2.227609 
-6.312034 
-6.018177 
-9.167984 
-6.353124 
 3.338268 
-2.035176 
 1.86856 
 5.671889 
-3.520594 
 2.815771 
 5.883505 
-1.802236 
-6.729992 
-1.11688 
-6.349829 
-.9915065 
-.7480911 
 6.092875 
-1.70612 
-3.902217 
-.1187626 
-3.551428 
-4.260445 
-7.605488 
-10.35416 
 2.304867 
 4.785081 
 .983118 
-.3322437 
-.7548658 
 4.814168 
 .8744851 
 3.182405 
-.413317 
-1.938053 
-4.629447 
-5.900552 
-8.62821 
 .5993026 
 5.2458 
-.1227199 
-1.409006 
 6.501926 
 5.793693 
 2.172512 
 5.54205 
 5.710439E-02 
-5.1969 
 3.551225 
 1.923085 
 4.870923 
 3.730538 
-.7671351 
 6.183736 
 .9027364 
-2.670203 
-5.270158 
 1.72428 
 6.640224 
-2.702796 
 4.372609 
 3.788528 
 7.127928 
 6.704638 
 .2068761 
 .3855185 
 4.834151 
-2.877606 
 2.770238 
 .3055099 
 .660821 
-5.896894 
-9.021585 
 1.075708 
 7.800366 
-3.525364 
 .4011874 
 6.859327 
-2.463088 
-3.015721 
-1.341046 
 5.289911 
-2.377261 
 3.437528 
 3.81072 
-2.451957 
-7.762009 
 2.596072 
 1.31095 
 2.935795 
-5.011723 
-9.336557 
 2.639422 
-2.656983 
 4.389012 
 1.255992 
-4.371037 
-5.040653 
 1.546631 
 5.976897 
-.9378839 
-2.845007 
 4.084678 
 7.082047 
 1.755915 
 1.882488 
-3.711143 
 4.692594 
-1.265569 
-7.691091 
-5.910719 
-.8705342 
-1.902928 
 1.241903 
 4.109469 
 4.811322 
-2.575319 
-7.699548 
-6.961364 
-7.128416 
 3.980231 
-2.617248 
 .9404984 
 6.410562 
-.4953001 
-3.975932 
 2.169788 
 4.837844 
 .4559342 
-4.95348 
-1.183863 
-5.807939 
-5.811975 
 2.801441 
 3.89727 
 1.114384 
 1.296071 
-3.329952 
-8.493736 
-7.150148 
 3.689991 
-4.509583 
 2.951192 
-4.565499 
 1.046068 
-2.702808 
 4.711342 
-4.254388 
-.6459894 
-.1294374 
 5.377415 
 1.590314 
 5.262114 
 6.966684 
-3.312649 
-.5638661 
-9.807542E-03 
 4.23189 
 .8694047 
 7.097811 
-2.060803 
 1.305092 
 3.431944 
 4.828404 
 1.949352 
 7.723261 
 8.425789 
-1.289454 
 1.472443 
-2.525218 
 4.167698 
 5.303734 
 .6642691 
-5.711989 
-.8482456 
-5.811916 
-3.595025E-02 
-2.536089 
-7.069904 
-1.109357 
 .483152 
 1.399818 
 5.511188 
 8.631156 
-.5655506 
-5.650015 
 .6416393 
 4.979615 
-.4165513 
 4.657332 
 6.079142 
 .8101974 
 1.338529 
-1.301335 
-.3136518 
-.4534842 
 1.062916 
 4.443946 
-.5790046 
-3.847944 
 3.595766 
-1.737961 
-5.82718 
-7.403339 
-6.772346 
-7.371809 
-2.649889 
 5.767112 
 1.122905 
-2.642908 
 1.27075 
-3.20993 
 1.313453 
-1.769585 
-7.337811 
 3.239406 
-1.556906 
 1.705374 
 7.997817 
 1.732794 
-1.482457 
-1.327966 
 2.631078 
-2.309003 
 4.249169 
 6.019411 
 1.979934 
-4.755044 
-6.516048 
-6.371543 
 4.577138 
-4.715736 
-4.743889 
 1.137528 
-2.389453 
-3.740357 
-6.619117 
-5.333652 
-2.430719 
 5.249027 
-4.232653 
 1.724394 
-5.218695 
-.5002353 
 2.673486 
 5.205991 
 .8296413 
 3.913835 
-3.009388 
 4.813179 
-.2947682 
-6.527022 
-5.762399 
-.1334797 
-4.725978 
 3.369296 
-3.186647 
-2.472087 
 5.179481 
 1.905727 
 7.690224 
 2.333937 
 4.571607 
 5.001949 
-2.21073 
-5.987621 
-.2352504 
 7.104918 
 7.090352 
 3.840667 
-.252724 
-3.471794 
 2.285192 
-2.632932 
 1.609079 
 2.390833 
-3.516556 
 4.972989 
 6.895279 
 5.164972 
-4.2074 
-2.556079 
-6.745774 
-.5758555 
 4.020641 
 1.169518 
-6.716177 
-2.560017 
 .7424266 
 5.666742 
-.1926871 
-3.469066 
 .1076194 
-1.763049 
-.1349842 
 1.976689 
 3.127164 
-3.71001 
 .9563559 
 6.962666 
 6.951335 
 9.196631 
-1.252581 
-3.77592 
 1.638485 
-2.690197 
 5.265792 
 8.941922 
 8.78509 
 9.349022 
-.6867027 
 5.493823 
-3.117448 
 2.623838 
 4.591215 
 8.178006 
 2.847966 
 6.834054 
-1.851741 
-1.135973 
-2.221871 
 .4746079 
-6.398222 
-5.050844 
 1.301615 
-5.321353 
-6.17586 
-8.763201 
 1.199789 
-3.426251 
 2.394482 
 8.065045 
 7.778306 
 2.843941 
 3.578422 
-1.741521 
-6.950917 
-5.313944 
-5.809131 
-3.255162 
-3.655274 
 .5518162 
-.633509 
 4.622677 
 1.572616 
-.2267037 
 1.6058 
 3.191065 
 8.518919 
-3.020375 
-.9472697 
-6.730822 
-1.345856 
-5.099107 
-2.275042 
-1.560348 
 6.453889 
 4.345875 
 5.299091 
-.9129305 
 5.152295 
 7.315912 
 .5155964 
 5.207158 
 2.45485 
-3.296445 
 4.013476 
 1.71095 
 7.582258 
-3.505835 
 4.964395 
 7.359612 
-.016026 
-4.536231 
-2.821774 
 1.595196 
-2.34163 
 5.609822 
-1.994935 
 1.135283 
-5.911635 
 2.757067 
-4.975637 
-2.503228 
-1.315918 
-6.113641 
-8.432656 
-5.442006 
-8.508008 
 3.122412 
 8.799176 
 4.836534 
-5.335489 
-.8326779 
 3.407562 
-6.503449E-02 
 .8119536 
-4.491835 
 .4138752 
-3.800376 
-.349087 
 5.070888 
 2.984075 
 7.848743 
 1.530887 
 2.1884 
-4.326171 
 1.445878 
 3.91642 
 7.062583 
 7.564428 
 5.443283 
-1.170998 
-1.411479 
 .7347507 
-5.764692 
-8.088629 
 3.122374 
-1.859915 
 4.508517 
 3.18244 
-3.115667 
 3.772222 
-2.344 
-3.945801 
-8.17633 
-4.213576 
-3.997201 
 .1399472 
-1.632648 
 5.552647 
 5.866879 
-3.907939 
-4.242164 
-3.401602 
-.3068406 
-3.635747 
 4.664937 
 1.00008 
-2.85359 
 4.845452 
 5.212817 
 8.385222 
 3.249524 
-1.468084 
 3.554063 
-4.638318 
-7.976362 
-.4277936 
-3.923713 
-3.647903 
 2.429307 
-2.867731 
-3.703038 
-4.718123 
-2.160601 
 5.927916 
 5.077596 
 6.792425 
 2.366783 
-1.679577 
 4.45205 
 3.380276 
-1.116512 
 .1309239 
-6.727699 
 2.454835 
 .5561674 
 1.104221 
-4.408053 
-6.470524 
-1.223623 
-6.51072 
 4.258549 
 8.444019 
 9.175992 
 8.807104 
 10.02295 
 2.411412 
 5.589617 
 .6932985 
-.5958037 
 4.636361 
 6.697752 
 4.621886 
 .5058278 
-5.188261 
 .1313473 
-5.051091 
-9.408261 
-6.766437 
-1.344565 
-2.525727 
 1.518173 
 1.470186 
-2.468454 
-5.257759 
-3.103087 
-2.081078 
-2.683647 
 5.870595 
 .3873034 
-2.071103 
 5.893584 
-.215618 
-3.732223 
-5.469807 
 .126698 
 .593951 
 6.498545 
 2.157974 
 1.890055 
-1.895064 
-5.544797 
-8.324038 
 1.04671 
 .3018133 
-.6089953 
-2.485215 
-7.579787 
 3.446976 
 3.126077 
-1.986436 
-1.43961 
-2.954125 
 3.658439 
 4.71619 
 7.484891 
-1.090625 
-6.372407 
-3.212379 
-6.586714 
-7.715549 
-3.160779 
 3.743523 
 4.374195 
 5.733403 
-4.094628 
-5.919756 
-1.084271 
 6.786476 
 7.082089 
-1.785602 
 .4463 
 2.541651 
 7.290929 
 3.250622 
 1.540027 
-1.03292 
-.6800745 
 4.283623 
 7.736392 
 4.986706 
 8.56776 
-1.47558 
 4.66785 
 8.504407 
 1.8756 
 7.353146 
 1.769845 
 3.193486 
 2.402357 
-.7710254 
-.5455659 
 3.309665 
 3.964832 
 1.957209 
-6.440092 
-.7695 
 5.507481 
 3.278019E-02 
-.818083 
 5.478487 
 2.793893 
 .5184551 
-4.367686 
-1.024167 
-4.092433 
-1.584097 
 2.969049 
-5.064863 
-1.566538 
-1.249293 
-.2637027 
-3.604419 
 .5391114 
-2.073129 
 1.052193 
 5.327192 
-6.804087E-02 
-3.703601 
-7.069374 
 1.475576 
-1.132622 
 .5780982 
-3.251513 
-2.910793 
 4.447098 
-.4081194 
-4.315925 
-7.923007 
-6.151155 
 4.000115 
-4.732798 
 3.95217 
-2.48232 
-5.259075 
-.561981 
-4.495051 
-9.516887E-02 
 .2046702 
-3.581398 
-7.156889 
-.4277151 
-4.945318 
-6.977881 
-9.752228 
-8.694393 
-7.403178 
-3.097586 
 1.170359 
 3.955991 
 1.203697 
-2.116625 
 2.339465 
 8.234509 
 3.081625 
-3.420056 
 2.392657 
-3.404916 
-6.555314 
-.9625183 
-4.109671 
 2.993806 
 1.14145 
-5.321104 
 .7542378 
 5.187222 
 .1533701 
-4.933955 
 .6363015 
 2.515069 
 6.740622 
 7.377965 
-.9347876 
 5.022997 
 7.022795 
-2.333664 
-7.287328 
-9.137826 
-7.433131 
-6.887585 
-8.911226 
-2.233587 
-.6458936 
-3.144396 
 .1777093 
-6.796584 
-3.662519 
-7.365564 
-2.537217 
 .32002 
 6.206723 
 2.516842 
-2.84949 
 5.844139 
 .277582 
-.7997938 
 5.792299 
 1.733011 
 4.394275 
-3.551222 
-5.57729 
 2.051158 
-4.926764 
-6.203549 
-9.042604 
-7.56285 
-4.523266 
 1.278721 
 2.075055 
 6.584287 
 7.015566 
 4.712988 
 5.240285 
 8.96845 
 .4294757 
-2.883227 
 8.100207E-02 
 6.640676 
 9.35302 
 6.952741 
 .3782997 
-5.616953 
-2.374151 
-6.78492 
-6.044706 
-4.700888 
 4.201148 
 7.18418 
-1.136326 
-6.839892 
-4.873252 
 1.961078 
 7.69927 
 5.436844 
 1.758494 
-2.773689 
-5.074692 
 1.157871 
 4.253161 
-3.065233 
 1.432065 
-4.31016 
-5.273221 
-2.42155 
-3.644733 
 4.033962 
 4.500305 
 4.039365 
 6.671382 
 .3844882 
-2.290333 
 4.201483 
 6.699606 
 7.457752 
 8.011292 
 6.300011 
 2.53991 
-.7512487 
 1.634238 
-4.987284 
-6.156655 
 1.366973 
-5.44886 
-4.206853 
-8.356914 
-.6251544 
-.1726013 
 3.114977 
 .6231716 
-1.201486 
 3.681795 
 5.655683 
 3.458778 
-.5466736 
-6.289329 
-1.829358 
-1.467366 
-2.543782 
 .8930193 
 1.993373 
 1.294725 
 3.280978 
-4.868011 
-4.986324 
 .4593429 
 3.707653 
 6.385107 
 4.69396 
-4.441923 
 .2837264 
 6.2075 
 9.461506 
 5.910701 
 2.884444 
 4.782082 
-1.752607 
 .6315715 
 .3437912 
 .3246219 
-1.859144 
-3.210978 
-4.239055 
-2.562382 
 3.891845 
-.13401 
-6.051415 
-.4254294 
 2.315514 
 5.143069 
 1.331703 
-6.146911 
-3.557032 
 2.866698 
 2.304225 
 .9964328 
 5.288154 
 2.577949 
 6.241116 
 .7979407 
-4.881307 
-7.665278 
-7.597226E-02 
-5.121381 
-6.097301 
-8.425932 
-4.456099 
-3.646158 
 .4479836 
 5.301634 
 3.374117 
 8.038549 
 10.28346 
 5.054357 
 .9741853 
 1.695438 
 2.497395 
-2.921851 
 3.666626 
-8.377617E-02 
 .4424184 
-6.931913 
-8.14487 
 1.230903 
 .2393569 
 4.215896 
 1.450769 
-5.628078 
-6.352192 
-9.368699 
-7.219049 
-4.665098 
-1.298941 
 4.295285 
-4.352182 
 .7775181 
 3.151701 
-2.358489 
-1.637514 
 3.343055 
 6.35414 
 8.345256 
 2.746323 
-2.631552 
-3.52344 
 2.428406 
 6.38913 
-1.981282 
-2.30687 
-3.613636 
-6.260472 
-.4436754 
-7.13362 
 .5474511 
 .7660526 
 5.396851 
 8.431714 
 6.085018 
 8.895885 
-.8906959 
-4.014117 
 3.427239 
 8.364762 
 7.044292 
-3.532629 
-4.169074 
-5.471519 
-8.989457 
-9.569766 
-.2370114 
 2.833353 
 7.163228 
-2.275453 
 4.67243 
 4.570181 
 5.890438 
-1.245824 
 1.076945 
 1.801275 
-5.504134 
-2.503214 
 3.272984 
 2.764634 
 6.772021 
 7.434572 
 5.77984 
 3.403942 
-5.053895 
-7.842773 
-1.582491 
 .1369362 
-3.784276 
 1.702611 
 3.232421 
 8.358983 
 1.898991 
-6.428417 
 1.603536 
 4.919453 
 2.618108 
-2.550417 
-4.431153 
-7.654867 
-.7819499 
 4.281466 
-4.421898 
 1.519858 
 7.348032 
 2.649089 
 5.077989 
 4.431049 
-2.775954 
-6.419944 
 1.664484 
 2.793473 
 1.279746 
 4.282612 
 1.397788 
-1.503569 
-2.924647 
-3.643698 
 2.268006 
 4.817047 
 3.829342 
 .1035375 
-5.913842 
-4.591397 
-6.025816 
 .1819063 
-1.011665 
-4.731271 
-.4366596 
 6.353576 
 2.429502 
 4.53217 
 8.523048 
-1.792886 
-1.258078 
-4.284854 
-6.559546 
 1.261093 
 6.748353 
-2.812718 
-2.4009 
 1.266698 
 .9107944 
 5.023921 
 7.934672 
 5.217741 
 5.536329 
 8.078897 
 5.054881 
 6.851017 
-.5277853 
-5.710961 
 1.438314 
-5.509306 
 2.106731 
-4.214726 
-7.482094 
-5.399503 
-5.286633 
-8.548529 
-1.129458 
 6.100545 
 9.860234 
 6.811629 
 5.326632 
 .4943264 
-1.997374 
 1.283216 
 5.709697 
 9.240839 
 6.008235 
 8.749462 
 6.938506 
-.3196763 
-6.390204 
 .2323844 
-2.379974E-02 
-4.377016 
-6.600229 
-6.614323 
 1.36563 
 7.033478 
 3.396317E-02 
-4.320712 
-7.919753 
-3.575625 
-1.498723 
-3.220268 
-8.328158 
-6.804524 
-1.51567 
 4.782571 
-3.39403 
-8.634227 
-3.707525 
 4.726589 
 5.96727 
 7.786088 
 7.915793 
 3.611364 
-.2415205 
 4.389454 
 4.217787 
-2.219216 
 5.583267 
 .1936497 
 2.204528 
 5.550759 
 4.377327 
-1.987005 
-2.232305 
-2.694103 
 2.338571 
 6.522641 
 9.826212 
 4.455757 
 8.210531 
 2.845426 
 4.544728 
 8.355485 
 8.081353 
 6.989071 
 2.368371 
-4.24787 
-4.105486 
 5.134027 
 4.461807 
 1.536527 
-5.521439 
 2.546331 
-5.224677 
-3.855396 
-5.744731 
-7.94976 
-1.934782 
 6.304293 
-3.545603 
-7.876787 
-4.710133 
 .7636126 
 4.858386 
 2.821586 
-4.327513 
-3.899271 
-2.979284 
 5.446776 
 2.751397 
 2.331785 
 5.370545 
 6.082439 
-.8116052 
-6.865071 
-4.130441 
-7.617002 
-8.874857 
-4.212054 
 2.64285 
 2.413617 
-5.096295 
-3.59553 
-.5179209 
 1.501084 
-4.052202 
 2.399909 
 4.006327 
 3.532939 
-4.145429 
-6.005062 
 3.313457 
 5.978626 
 2.092789 
 5.263914 
 .3034758 
 5.658262 
 9.090335 
 9.450581E-02 
 2.189849 
 .4592673 
-6.647175 
 3.51578 
-4.867906 
-6.866201 
 .1183152 
 3.11883 
 4.797952 
 2.237105 
 2.853656 
-1.484104 
 4.014892 
 3.454531 
 .9263741 
 3.713036 
-4.127717 
-2.935512 
-3.114158 
-4.925715 
-5.458928 
-7.317007 
 2.398743 
 8.4415 
 2.400507 
 4.666155 
-5.017269 
 1.517405 
 4.298991 
-4.369894 
-1.092692 
-7.117855 
-3.661638 
 1.158996 
 3.361145 
-3.933786 
-8.344113 
-3.614155 
 1.725312 
 6.209792 
 5.142089 
-.1162896 
-4.072914 
-5.382322 
 3.349459 
 6.936184 
 2.450295 
 .6822097 
 1.835644 
 2.1968 
 4.866769 
-1.04549 
-3.204482 
-2.115268 
-.3202372 
-2.5773 
-1.179238 
-3.500379 
-5.899172 
-8.656606 
-6.096541 
 2.623101 
 3.075214 
 4.940429 
 4.530425 
 7.084946 
 5.035408 
 4.233687 
-1.840999 
-1.238362 
 5.803018 
 4.306149 
-3.679812 
 3.460235 
-4.956654 
 1.961221 
-.9689217 
-6.107442 
 .6204105 
 3.409858 
 8.672741 
 2.078232 
 1.51846 
-.2602552 
-3.398453 
-4.136111 
 1.835448 
-2.646655 
-7.651628 
-1.551884 
-5.211578 
-5.896547 
-1.884662 
-7.69309 
 .3645627 
-.1643267 
-4.27357 
-4.431386 
-8.191337 
-9.594669 
-10.27528 
 1.962195 
-5.30858 
 4.407306 
-4.836225 
-4.641982 
-5.968314 
-2.672215 
 1.311605 
-4.5832 
 3.820012 
 .441181 
-4.761857 
-8.135957 
 2.178946 
-2.366565 
-.6845403 
 .2386691 
-4.693806 
 2.172575 
 8.303082 
-2.846834 
-7.574203 
 1.514071 
 4.895808 
-.2295899 
 1.779287 
-4.056087 
 5.094844 
-9.704395E-02 
-6.300965 
 3.04355 
 6.871583 
 4.454162 
 4.443102 
 8.530942 
-.171856 
-6.847846 
 2.976707 
 6.56671 
-1.751897 
 2.088951 
 3.392984 
 3.179031 
-5.624243 
 4.088389 
 7.793581 
-.539165 
-.642817 
 5.129699 
 1.582094 
 7.63376 
-.6074727 
 4.772922 
-3.549417 
-3.89351 
-2.39025 
 .7714933 
 6.711053 
 8.791335 
 9.337639 
-1.157017 
 4.470941 
 4.627155 
-4.1163 
-4.783488 
-1.527871 
 1.393327 
 3.617295 
-1.473779 
-3.695758 
-2.850713 
-3.273976 
 .6325922 
 2.670507 
-.3586487 
-.6852207 
-2.96538 
 2.451234 
 7.454317 
 4.179092 
-3.823981 
-5.333343 
 3.258033 
 3.87641 
-.5802451 
-2.020578 
-3.131272 
 5.252885 
 4.233358 
-1.381005 
 2.353841 
 6.242966 
-3.150919 
-.3956736 
 6.226724 
-2.725811 
 2.976365 
-2.631757 
 5.84817 
 .0686465 
-2.611158 
-.8816444 
 2.773943 
 2.105492 
 3.381322 
 1.938974 
 4.344869 
 .6904815 
-1.109752 
 1.212039 
 6.012615 
-2.245116 
-7.426928 
-6.888577 
-3.048454 
-5.644311 
 1.570578 
-5.053674 
-4.654291 
 1.199095 
-4.431093 
-4.044149 
 .2047479 
 4.161575 
 .7576919 
-1.536762 
-5.038347 
-3.947013 
 4.041919 
 .7029652 
-5.760444 
 4.460689 
 1.603274 
 3.910102 
-1.500838 
-4.898005 
-.3765745 
 6.667199 
 6.153078 
 6.436855 
 3.227139 
 3.18457 
 2.646059 
 3.704504 
 1.310736 
-5.858377 
 2.084342 
 4.317182 
 .7275298 
-1.905262 
 4.342338 
-3.453721 
 4.861533 
 6.62648 
 5.130211 
 2.669086 
-8.527803E-02 
-1.389072 
-7.76443 
-6.791877 
-5.125381 
 1.921 
 7.499186 
 4.943564 
 8.418193 
-2.241877 
 .7947826 
 3.754226 
-2.043845 
 .2071211 
-2.166011 
-1.765354 
 6.286508 
 9.664451 
 5.728332 
 2.70479 
-4.032627 
-3.71039 
 5.059877 
-2.365563 
-7.445901E-02 
-2.00905 
-1.593901 
 .6851034 
 5.255982 
-.9578754 
 4.661471 
-3.879239 
-3.640084 
 3.417082 
 7.115443 
-1.530107 
 5.097432 
 0 
 0 
 7.737763 
