 .4775883 
 .7488139 
-1.332398 
-1.91112 
 1.438406 
-3.170864 
 .9272019 
 2.6513 
 2.418741 
-2.620259 
-1.48823 
 2.232108 
 2.892657 
-1.276097E-02 
 3.451025 
 3.891433 
-2.06379 
 2.696685 
-.1471632 
 .1385294 
 2.042527 
-2.680648 
-.1731909 
-.2899731 
-1.603145 
 .4005566 
 1.234829 
-1.36836 
-2.0918 
 1.791951 
 3.005884 
 1.636528 
 4.163607 
 4.416874 
-.6180859 
 1.259968 
 3.996588 
-.6260233 
 5.140802E-02 
-2.927543 
 2.790963 
 2.218004 
-2.906769 
-.3753361 
-3.112454 
-3.973178 
 .9538117 
-1.304281 
-3.819017 
-2.759442 
-1.772634 
-2.060443 
 2.690393 
 4.456714 
 .699987 
-1.432535 
-3.001809 
-3.490224 
-2.949204E-02 
-.6821138 
-.8724903 
 1.309652 
-.8774084 
 .7130659 
-1.957252 
-2.979809 
-.3377516 
-3.244964 
-1.361112 
 2.595556 
-.947551 
 1.82756 
-.3162031 
-1.675185 
 2.596315 
 1.822878 
 1.542714 
-3.745535E-02 
-3.019005 
-.517328 
 1.287757 
 3.509773 
 3.636423 
-2.397417 
-.4490483 
 2.967811 
 .4357522 
 1.471511 
 .4930349 
 .261792 
-.1924389 
-1.158017 
-1.085339 
-2.072384 
-3.992414 
-3.203765 
 2.549753 
-2.461591 
-1.614618 
-1.530601 
-.5693235 
-2.759093 
-1.081061 
-2.164227 
 .2648518 
 .4000968 
-2.441597 
 2.492452 
 1.959583 
 .6776534 
-.6006121 
-3.130351 
 1.114329 
 .0575977 
 1.91602 
 1.336802 
 2.919855 
-2.65752 
-3.023539 
-4.161917 
-4.29354 
-2.643841 
-3.633327 
-4.909947 
-1.308656 
 .7525331 
 .5719516 
 2.633351 
-2.277726 
-3.038991 
 .3578484 
-.2270639 
-1.142631 
-2.986529 
 .5653654 
 3.389446 
 1.319342 
-2.64365 
 1.074875 
-.3874306 
-.4101352 
-.1908983 
-2.248358 
-1.998753 
-3.670715 
-.5125055 
-2.63448 
 2.348492 
-2.249674 
-1.145577 
-2.067767 
 2.119413 
 2.558681 
-.8728787 
 1.017203 
-1.492145 
-3.548673 
-4.652951 
-2.826921 
 1.258086 
-1.110558 
-2.33818 
-.9002895 
-2.125852 
-1.877929 
-4.009415 
-1.424787 
-2.65843 
 1.868949 
 1.265777 
 2.314882 
 3.947054 
 9.347474E-03 
 .3241903 
-3.031608 
 2.708602E-02 
-.6641361 
 3.229458 
-1.840634 
 2.573372 
 1.729218 
-.581106 
-2.810892 
-1.05649 
-2.439461 
 2.905901 
-1.826853 
-4.112969 
-2.483145 
-.4444817 
 3.020074 
 1.260278 
-.2933732 
 2.502559 
 3.247255 
 2.33716 
 2.413569 
 4.494133 
 .2515627 
 4.533257E-02 
-.636327 
 1.255328 
-1.995281 
-1.220166 
-7.066293E-02 
 2.330709 
 1.057852 
-.2007662 
 3.06107E-03 
-2.035048 
 .2349869 
-2.602444E-04 
 1.35234 
 3.327783 
 .1050083 
-1.44333 
-2.014827 
-3.265413 
-.830314 
-2.337685 
-.1218619 
-1.06056 
 2.469956 
 .6323189 
-2.109909 
 .6960636 
 2.075063 
 1.521543 
 2.601054 
-1.690911 
 1.756559 
-1.657611 
 2.881605 
-2.317633 
-4.027183 
 .8938566 
-.6121463 
-.4698371 
-2.99715 
-3.842883 
-3.679626 
-4.566785 
 .1335452 
 .2900671 
 .5498841 
-1.941287 
-.8655208 
 1.56339 
 2.391459 
 1.551026E-02 
 3.019949 
 2.814166 
-2.169541 
 .3066622 
 1.692249 
-3.076528 
-1.507429 
-1.219381 
-2.074008 
 2.961281 
 3.21843 
 2.504923 
 .1917296 
 1.815684 
-1.080947 
-1.421344 
-.9562001 
 3.019674 
-1.856499 
 .4927608 
-.9791682 
-3.274478 
-3.40929 
-4.258445 
-1.876612 
 2.829721 
 1.227168 
 .3538017 
 3.651646 
-.9327433 
-1.20596 
-1.168044 
-2.011016 
-.6235003 
-2.903202 
-.8074531 
 3.220188 
 1.468845 
 3.534431 
 2.316326 
 .3067737 
 1.542446 
-2.75979 
 1.025169 
 1.830431 
 .568554 
-2.393737 
-2.838456 
-2.215973 
 1.41298 
-2.907974 
-.8033074 
 1.663301 
 2.785385 
-.4088508 
 3.403852 
 3.373759 
 2.395907 
 3.803006 
 4.03739 
 .6789622 
-2.600102 
 2.558096 
 3.048804 
 2.451583 
 5.489267E-02 
-3.600106 
-3.646266 
-3.687549 
-1.116832 
-1.062865 
-3.288751 
-2.735355 
 .1875344 
 2.671561 
 .8466046 
-2.062163 
 2.301249 
-.208937 
-1.387107 
 1.578218 
-1.600091 
-.9126183 
-2.268752 
 2.098242 
 1.502826 
-.4543919 
-.97304 
 2.383115 
 1.411512 
 3.683141 
 1.3167 
-.8445098 
 2.483397 
-1.000988 
-2.121391 
-3.087506 
-2.140641 
-4.411499 
 .3895139 
 2.675287 
-.7930269 
 1.262284 
-.3043692 
 2.23219 
 2.528441 
 .3493882 
-3.043755 
-1.65028 
-1.733729 
 1.015556 
-1.076377 
 1.887434 
-1.995812 
 5.171025E-02 
 3.429068 
-.8149541 
 3.027841 
-1.907844 
 3.0065 
 1.964421 
 1.373073 
 3.453914 
 1.674112 
-1.365915 
 2.253189 
-2.45229 
-1.248605 
 1.541717 
-1.404847 
-1.361132 
-1.207633 
-.1908072 
-1.779131 
 3.323929E-02 
-2.160561 
-3.847969 
 1.716429 
-2.35257 
 .3807959 
 3.117103 
-1.001984 
 3.041812 
 3.570511 
 .7121092 
 .169924 
 2.070569 
 3.172733 
 .1451488 
-2.2304 
-2.019727 
-1.300491 
-3.017289 
-7.704899E-02 
-3.021036 
-3.180604 
 .41392 
 .1668739 
-2.316577 
 2.928123 
 .7305802 
-3.473974 
-1.675241 
-2.120672 
 1.204784 
 3.315183 
 3.477275 
-1.294998 
-3.343796 
-4.741365 
-4.134877 
-2.250751 
-3.058642 
 2.599955 
 3.621923 
 1.777956 
 2.289395 
-1.916677 
-2.429873 
-4.31227 
 1.06144 
 2.461873 
 2.971827 
-.2927169 
-.4613481 
 .2633932 
 2.3537 
 1.23786 
-1.817723 
-2.773392 
-1.906698 
-6.518034E-02 
-1.186463 
-.1715886 
-.61268 
 .3484589 
-3.252996 
-.6933335 
-2.418975 
 2.680251 
 4.103577 
 5.007889 
 4.155355 
 .6622279 
 2.496905 
 4.466093 
-.3660385 
-2.552747 
 .6320843 
-3.408746 
-2.303104 
 .6972096 
-2.689174 
-3.786405 
-2.78778 
-1.655615 
-9.261756E-02 
-1.443849 
-1.994695 
 1.65977 
-.8885409 
-1.21545 
-1.132271 
 2.188432 
 2.978495E-02 
 1.689178 
 1.732353 
-.1413872 
 3.322604 
 2.160594 
 .8172957 
-1.805739 
 3.648696E-02 
 1.870651 
 .2778593 
 3.114113 
-.6183712 
 1.053615 
 3.257802 
-.5842363 
-1.175328 
-4.012482 
-2.830181 
 2.707422 
 2.827607 
 1.517055 
 1.279749 
-1.322076 
-.3653949 
 2.078064 
 3.343572 
-1.964411 
-.3204919 
-.7363202 
-3.42846 
-1.469629 
 1.013512 
 .3213822 
-.592407 
 3.137783 
 4.637087 
 2.17977 
 .9424159 
 1.164674 
-2.697192 
-3.230381 
-2.660907 
-4.457387 
-4.036219 
-1.899527 
-.250568 
 .3563048 
 2.216703 
-2.703421 
-1.577045 
-3.807212 
-2.635482 
-7.944795E-02 
 .1067062 
 .7557198 
-1.030523 
 2.728888 
 2.900267 
 1.503063 
-2.673263E-02 
 1.730526 
-1.962764 
-3.92696 
-3.186649 
 .9060357 
 3.66734 
 2.620879E-02 
 1.386551 
 2.627257 
-2.627137 
 1.352784 
 .3128842 
-2.09429 
 8.810174E-02 
 3.086597 
 4.326117 
 2.542844 
-2.810374 
 .3045266 
 3.573989 
-2.516366 
 2.580922 
-2.356414 
-2.306132 
-.1269779 
 2.261854 
-2.708583 
-4.204707 
-.8753803 
-1.667476 
-1.193429 
-.3098281 
 1.64658 
 .1646586 
-1.275244 
-3.596795 
-1.842672 
-.0487597 
 1.954501 
 1.231733 
 1.533354 
 2.795968 
 .2802283 
 2.311878 
 2.398749 
 2.219962 
 2.442618 
-1.513424 
 1.558513 
-2.714519 
-2.759945 
 2.478527 
 3.192066 
-1.068507 
-2.7065 
-2.840748 
 2.265753 
-1.082841 
-2.174946 
 .9026381 
 1.524318 
 2.532724 
 2.753025 
-.5444946 
 2.252062 
 2.362916 
 3.723858 
-.8740549 
-1.358491 
-3.955368E-02 
-1.092956 
-2.564189 
-.2365924 
 .89591 
-2.407792 
-4.06035 
-.3061196 
 2.43347 
 1.839013 
 3.174361E-02 
-2.330013 
-.785412 
 3.285387 
 3.074533 
 9.868421E-02 
-8.328922E-02 
 .3247508 
 1.405798 
-3.000573 
 .1374965 
 3.032312 
-.215636 
-2.932359 
-1.502884 
 1.546583 
-.5624003 
-.8396343 
 1.580853 
 3.563268E-02 
 1.655719 
 .5845251 
-2.25315 
-2.386827 
-3.85702 
 2.337931 
-.8644932 
 .6044542 
-1.251315 
 2.231422 
-.6342031 
 2.004819 
-1.788606 
-2.072612 
-3.864365 
-1.296245 
-.7709613 
 .4827559 
-3.357623 
-2.442519 
-3.513139 
-2.427518 
 1.161656 
 1.326848 
 3.895514 
 3.70741 
 1.59994 
 1.315337 
-1.89272 
 2.396145 
-.5838968 
 .5632347 
 .909146 
 2.290543 
 2.346415 
 2.156375 
 2.643936 
-.9567263 
 6.332976E-02 
 8.861487E-02 
 .5164084 
-1.466848 
-1.102702 
-1.473836 
 3.05456 
 1.124981 
 .9823931 
 5.513537E-02 
-3.482296 
-2.037735 
-3.367217 
 6.696088E-02 
-2.572026 
-3.088463 
-1.92822 
-3.646795 
-.3133633 
 1.412797 
 3.804766E-03 
-.5905665 
-1.416802 
 1.045089 
-1.80878 
-3.994596 
 1.598972 
-2.900813 
-1.244621 
 1.385965 
 2.356286 
 3.172793 
-1.147985 
-.6041543 
 2.557569 
 3.280829 
 .3881922 
-.1552538 
-1.180448 
-2.256104 
 1.568715 
 .8374604 
 .5562415 
 1.126957 
-2.717019 
 .7021245 
-1.583639 
-3.819981 
-2.913536 
 2.505172 
-.485956 
 .9479344 
-.7154016 
-1.203795 
-1.683422 
-2.676473 
-3.014976 
-1.547225 
 .3797134 
-1.811086 
 .8078657 
 .9332234 
 1.070013 
-2.80552 
-4.310627 
-3.98432 
-3.18335 
-1.784137 
 5.219739E-02 
-1.571576 
 2.008928 
 3.625474 
 1.368589 
-.3996791 
-3.848333 
-3.104748 
-3.523305 
-5.103884E-02 
 3.582235 
-.2512313 
-2.020468 
 2.179898 
-2.066872 
-.1446991 
 .753159 
 1.067162 
 1.794253 
 3.19676 
-1.978833 
-1.427815 
 1.953824 
-1.103971 
 .9784615 
-.4607436 
 2.352464 
 .2564456 
 2.595511 
-1.266059 
 1.320361 
 3.410965 
-1.011451 
 3.279868 
 4.541378 
 4.242515 
 1.539117 
 1.625346 
 .2003041 
-2.504197 
 .2622367 
 .9271989 
 2.946562 
-4.216332E-02 
-3.356088 
-1.03911 
-3.666409 
-2.118008 
-1.047929 
-1.848914 
 2.906626 
-2.705796 
 .249209 
 .933152 
 .5496547 
-3.342487 
 .5439736 
-1.215403 
 3.207511 
-.5281286 
-1.181574 
-1.714616 
-1.645195 
-2.50806 
-.1146475 
 1.47603 
-1.257802 
 .1578209 
 .6257253 
 3.872267 
 4.475734 
-.4262702 
 2.181555 
 2.722255 
 .1877574 
 1.032323 
 .2858347 
 8.110813E-02 
-2.717623 
 2.634279 
-1.561442 
 .1661308 
 1.41164 
-2.464871 
 .3340172 
 1.888775 
 2.703937 
 .3602141 
-3.004706 
-.9714851 
 .2450692 
-3.214304 
-1.691764 
-3.401005 
-3.744612 
-2.594728 
 2.833382 
 1.69427 
-1.136601 
-.9926695 
-.544503 
-3.442587 
-1.423756 
-.9275536 
 3.02966 
-.7201778 
-2.673739 
-.816923 
-1.432549 
-.3652881 
-.8918917 
-2.087029 
-3.90934 
-.2055493 
-1.077859 
-1.095386E-03 
 2.854168 
 .3449636 
 .8180504 
-.6276512 
-3.514178 
-4.054783 
-3.956837 
-3.931945 
 .677249 
-1.541916 
-3.201157 
-4.456513 
 2.781173E-03 
 2.577487 
 .9612275 
 2.557379 
 4.441515 
 1.616732 
-2.708901 
 6.148738E-02 
-1.256529 
-2.06269 
 .70242 
-.5061134 
-1.028012 
-2.535405 
 1.993838 
-1.965236 
-1.369746 
 .3730523 
 .4880242 
 1.873622 
-2.212949 
-2.023012 
-4.333864 
 .7218647 
 3.386224 
-.4073252 
-2.180258 
 2.685833 
-1.458826 
-1.090431 
-1.378864 
-1.755204 
 3.021141 
 1.565757 
 .7039241 
-2.5097 
 2.172214 
-2.805979 
 1.283063 
 2.053452 
-1.25123 
 2.903954 
 .6886545 
 1.897595 
-.1583388 
-2.055642 
 .1047157 
 .4162501 
-.1518499 
 1.067631 
 2.334182 
-2.4994 
-3.369997 
-4.077386 
-4.671631 
-1.165347 
 3.043148 
-1.06676 
-1.491705 
 2.439185 
 .6421326 
-1.797561 
 2.036317 
-2.570108 
-3.573021 
 2.319585 
 3.245739 
 3.466108 
 4.832831 
-.3922084 
 1.091064 
 1.295186 
 3.938448 
 .6775998 
-3.097127 
 1.830041 
-1.931964 
-2.499772 
 1.064358E-03 
-1.006952 
-.1083182 
 3.094372 
 1.346953 
 3.872786 
 3.228497 
 .3306882 
 2.021978 
 1.204175 
-2.257455E-02 
-3.406095 
-4.549738 
-2.490975 
-1.431897 
-1.468492 
 .5067018 
-2.231933 
-1.211053 
-2.961324 
 2.564468 
-.8575884 
-3.576819 
 1.125642 
 1.93393 
-1.231014 
 1.774123 
 3.34111 
 4.695636 
-.197887 
-.3407875 
 2.978673 
 4.125154 
 1.331211 
 3.305099 
 1.608403 
-6.308257E-02 
 2.368039 
 2.459846 
 3.751873 
-1.381157 
 1.604034 
 1.763549 
 3.666134 
 3.676397 
 3.261918 
 3.119338 
 .8096782 
 2.039927 
 1.141236 
-2.14114 
-2.100496 
-.9179698 
 2.652668 
 3.594903 
 .2944059 
 3.57663 
 1.177261 
 4.000868 
 .8930349 
 2.375849 
-.6653819 
-3.364609 
 1.755092 
 1.158843 
 3.078531 
 3.30863 
 3.07078 
 4.161729 
-2.021043 
 1.777863 
-1.459846 
-2.154919 
-4.041187 
 1.711035 
 4.201526 
-.4227662 
 .1615819 
-1.121732 
-2.507511 
-3.043392 
-3.7536 
-.4264027 
 .50643 
 2.833338 
-2.165801 
-2.940154 
 5.408113E-02 
-.2781378 
-1.691993 
 1.948656 
-.8153272 
 3.283891 
 .2899988 
 2.274917 
 3.021192 
 1.780351 
-.5010222 
 .4781103 
 1.356496 
 1.060181 
-2.95756 
 1.590587 
-2.785055 
-3.506477 
-2.508413 
-1.290443 
-.9894311 
 2.346505 
-2.561943 
 2.145043 
-1.253577 
-3.750593 
 .8872234 
-3.178978 
-3.745545 
 5.718812E-02 
-1.754737 
 1.99378 
-1.524587 
-2.539562 
-.7731922 
 .6454548 
 1.006608 
-2.665448 
 2.453476 
-8.645865E-02 
-1.169642 
-3.819433 
 1.685967 
 .495648 
-.5328526 
 3.053392 
-.8756052 
 .1218635 
-3.367756 
 1.263127 
 .1826941 
 .400297 
-.7937587 
-2.895778 
 .809282 
-1.830804 
-2.757785 
-2.212223 
-1.283603 
 1.390237 
-2.405404 
-1.256522 
 2.02234 
 1.200606 
 2.399063 
-.7672446 
-3.459729 
-.1901131 
-.042688 
 1.395105 
-.654221 
 .7838952 
-2.28561 
 2.304254 
-.2319034 
 2.280507 
-1.77723 
-.5795093 
-3.67443 
 .6668448 
 2.763371 
-.6449823 
-.7977316 
-.1506 
-3.758945 
 2.541419E-02 
 3.572682 
-1.888678 
 1.488425 
-2.929274 
 2.539634 
 4.556863 
 2.881196 
 2.334795 
-1.644385 
-2.963417 
 2.534643 
 2.275646 
 3.614699 
-1.622171 
-3.137821 
-2.733013 
-4.385661 
-2.730394 
 2.124762 
-1.262316 
 1.095356 
 2.827818 
-2.17729 
 1.678646 
 2.879115 
-1.298674 
-3.380985 
-.1638177 
-3.226051 
-.122244 
-.3269473 
 3.207922 
-1.261732 
-1.919537 
 .1794354 
-1.835567 
-1.991432 
-3.683438 
-4.903132 
 1.835678 
 2.340683 
 .214555 
-.2331407 
-.3711894 
 2.544796 
 .1563865 
 1.597388 
-.4110745 
-.9801596 
-2.282583 
-2.775919 
-4.112829 
 .8440063 
 2.685123 
-.3877466 
-.7235789 
 3.461015 
 2.604794 
 .7694461 
 2.741665 
-.3127335 
-2.700298 
 2.163842 
 .7785443 
 2.408813 
 1.63494 
-.6285391 
 3.256248 
 .08644 
-1.441387 
-2.56983 
 1.220331 
 3.339218 
-1.812739 
 2.435998 
 1.695816 
 3.464777 
 3.038828 
-.3068343 
 .1872728 
 2.484717 
-1.791879 
 1.615296 
-1.259953E-02 
 .3240393 
-3.100833 
-4.317184 
 1.115523 
 3.981304 
-2.311254 
 .4259669 
 3.534651 
-1.701885 
-1.412755 
-.5095949 
 2.827879 
-1.560396 
 1.930657 
 1.765098 
-1.507778 
-3.876381 
 1.826657 
 .5199019 
 1.442454 
-2.78204 
-4.535312 
 1.946422 
-1.541812 
 2.44168 
 .380622 
-2.345804 
-2.345664 
 1.113968 
 3.00598 
-.8559148 
-1.418389 
 2.29537 
 3.422673 
 .4736765 
 .8683852 
-2.042075 
 2.664335 
-.9466178 
-3.912871 
-2.592059 
-8.659564E-02 
-.9336875 
 .7620024 
 2.055761 
 2.242819 
-1.633606 
-3.836349 
-3.136736 
-3.269024 
 2.505783 
-1.604023 
 .6497256 
 3.268462 
-.6530401 
-2.032589 
 1.371562 
 2.376408 
-6.227009E-02 
-2.59862 
-.3083222 
-2.940715 
-2.657152 
 1.812762 
 1.849305 
 .3375168 
 .6037132 
-1.808042 
-4.201849 
-3.185637 
 2.356514 
-2.568062 
 1.810014 
-2.551437 
 .824863 
-1.46716 
 2.611773 
-2.498731 
-7.239672E-02 
-2.726084E-02 
 2.798439 
 .4930485 
 2.632367 
 3.290072 
-2.149371 
-8.795844E-02 
 2.974409E-02 
 2.196614 
 .189721 
 3.62948 
-1.507865 
 .8045456 
 1.700277 
 2.293538 
 .713276 
 3.887323 
 3.895189 
-1.189634 
 .8437357 
-1.401345 
 2.318695 
 2.494744 
 1.705795E-02 
-3.005095 
-8.730643E-02 
-2.963512 
 .3403821 
-1.313804 
-3.512038 
-.1389155 
 .3192484 
 .6965449 
 2.773384 
 4.138411 
-.8266737 
-2.896962 
 .6819944 
 2.544379 
-.5237772 
 2.442511 
 2.86687 
 4.488121E-02 
 .6445372 
-.7579764 
-8.236851E-02 
-.2159453 
 .5795819 
 2.240385 
-.5749863 
-1.961002 
 2.103622 
-1.123993 
-2.91647 
-3.481753 
-3.056949 
-3.407003 
-.919676 
 3.156363 
 .2264269 
-1.440824 
 .822685 
-1.744195 
 .8798726 
-.9994112 
-3.698411 
 2.13429 
-1.008026 
 .9811304 
 4.044868 
 .405106 
-.8763207 
-.5975263 
 1.447353 
-1.360723 
 2.347615 
 2.861089 
 .6555697 
-2.589795 
-3.087553 
-2.903778 
 2.768773 
-2.729842 
-2.170374 
 .8833436 
-1.310204 
-1.793331 
-3.203721 
-2.35883 
-.9318541 
 2.87398 
-2.520669 
 1.156298 
-2.814606 
 6.280889E-02 
 1.418225 
 2.53633 
 .1089109 
 1.979711 
-1.80341 
 2.683558 
-.4503001 
-3.368786 
-2.587004 
 .2867132 
-2.444154 
 2.040344 
-1.861753 
-1.085954 
 2.840446 
 .6689502 
 3.872875 
 .736052 
 2.228112 
 2.31319 
-1.456191 
-2.97052 
 .2478159 
 3.701409 
 3.240404 
 1.554981 
-.3684046 
-1.785968 
 1.400303 
-1.507449 
 .997634 
 1.141246 
-1.972504 
 2.797817 
 3.270879 
 2.254238 
-2.502371 
-1.066481 
-3.342606 
 .117905 
 2.121961 
 .3585055 
-3.557399 
-.9135426 
 .5434073 
 2.894716 
-.450058 
-1.78826 
 .270151 
-.9215276 
 3.886839E-02 
 1.03408 
 1.500633 
-2.118378 
 .7254608 
 3.553979 
 3.177053 
 4.34288 
-1.21812 
-1.882017 
 1.083503 
-1.497213 
 2.898709 
 4.314833 
 4.006353 
 4.308676 
-.933889 
 2.89327 
-1.957089 
 1.554143 
 2.220378 
 3.960095 
 .9726585 
 3.370384 
-1.383085 
-.475085 
-1.082795 
 .3835415 
-3.349478 
-2.225722 
 .9874543 
-2.84176 
-2.876038 
-4.165871 
 1.163949 
-1.852065 
 1.454202 
 4.037183 
 3.538083 
 .9952614 
 1.681223 
-1.124769 
-3.499378 
-2.328105 
-2.686193 
-1.3303 
-1.6957 
 .5121565 
-.3628289 
 2.437931 
 .5304894 
-.2147909 
 .8472849 
 1.556704 
 4.223497 
-2.093596 
-.3049693 
-3.434232 
-.2825863 
-2.562881 
-.8655592 
-.6691512 
 3.445438 
 1.856461 
 2.481328 
-.801094 
 2.730021 
 3.478077 
-.1843955 
 2.670241 
 .9521905 
-1.862239 
 2.28631 
 .6399078 
 3.828881 
-2.287646 
 2.792695 
 3.512361 
-.4629643 
-2.352947 
-1.184042 
 1.002096 
-1.313661 
 3.0557 
-1.381762 
 .7123595 
-3.137793 
 1.795892 
-2.752273 
-.9915972 
-.5282154 
-3.091192 
-3.998188 
-2.303024 
-4.078781 
 2.14587 
 4.373168 
 1.96619 
-3.067468 
-.1024867 
 1.819688 
-.2442534 
 .4253557 
-2.381057 
 .4922556 
-1.997654 
 5.362446E-02 
 2.652945 
 1.235233 
 3.888517 
 .3095418 
 1.04103 
-2.380123 
 1.017547 
 1.942984 
 3.422967 
 3.489026 
 2.357322 
-.9439175 
-.6601036 
 .4684718 
-3.036798 
-3.841223 
 2.119943 
-1.158033 
 2.454453 
 1.37291 
-1.813377 
 2.149951 
-1.449379 
-1.902748 
-3.999096 
-1.681403 
-1.813925 
 .3195526 
-.8558573 
 2.982232 
 2.701414 
-2.390337 
-1.959922 
-1.503091 
 5.091221E-02 
-1.867703 
 2.645326 
 .2307791 
-1.542563 
 2.690681 
 2.405697 
 4.029223 
 1.168233 
-.9625594 
 1.934963 
-2.626467 
-3.852548 
 .2707582 
-2.009662 
-1.650575 
 1.485966 
-1.638193 
-1.74442 
-2.219564 
-.8297098 
 3.209581 
 2.268657 
 3.211044 
 .8085592 
-1.017775 
 2.41401 
 1.479059 
-.7881991 
 .1369126 
-3.499218 
 1.689471 
 .1369558 
 .5386434 
-2.355637 
-3.085365 
-.2352376 
-3.302946 
 2.612048 
 4.118685 
 4.239958 
 4.003316 
 4.657029 
 .6321492 
 2.751591 
 1.446113E-02 
-.3520031 
 2.442702 
 3.189174 
 1.984624 
-2.303836E-02 
-2.723535 
 .388669 
-2.629221 
-4.570089 
-2.930027 
-.2797166 
-1.227586 
 .9438384 
 .6691204 
-1.37175 
-2.575859 
-1.285447 
-.8882143 
-1.264035 
 3.212147 
-.1616833 
-1.098661 
 3.186237 
-.4759707 
-1.923401 
-2.607824 
 .4036492 
 .3003855 
 3.335526 
 .718359 
 .8474745 
-1.100145 
-2.760231 
-3.976965 
 1.057384 
 9.195495E-02 
-.334664 
-1.252004 
-3.779768 
 2.256951 
 1.40924 
-1.223916 
-.624327 
-1.444018 
 2.080928 
 2.221317 
 3.592704 
-1.028333 
-3.239388 
-1.273302 
-3.219522 
-3.596843 
-1.163551 
 2.137845 
 2.038592 
 2.704951 
-2.478968 
-2.818923 
-.1969492 
 3.588613 
 3.255788 
-1.364086 
 .341901 
 1.29134 
 3.626388 
 1.236404 
 .5983382 
-.6311386 
-.2890938 
 2.264866 
 3.749935 
 2.109772 
 4.137914 
-1.294989 
 2.513391 
 4.124737 
 .4479153 
 3.699819 
 .4641577 
 1.547826 
 1.049348 
-.5485079 
-.2354735 
 1.75115 
 1.852968 
 .7707012 
-3.462794 
-1.464523E-03 
 2.905473 
-.3232203 
-.4265438 
 2.893429 
 1.111365 
 9.644038E-02 
-2.298503 
-.2616412 
-2.060372 
-.5692034 
 1.638555 
-2.811669 
-.5000189 
-.5515074 
-5.966391E-02 
-1.85411 
 .502422 
-1.10909 
 .6740725 
 2.69938 
-.3644008 
-1.917665 
-3.439638 
 1.202423 
-.6788944 
 .369955 
-1.722984 
-1.3096 
 2.487501 
-.4865051 
-2.214403 
-3.844778 
-2.702498 
 2.455729 
-2.70305 
 2.34323 
-1.532273 
-2.575686 
 3.326245E-02 
-2.29785 
 .2283017 
 .1120864 
-1.871099 
-3.492601 
 .220175 
-2.539797 
-3.315452 
-4.62955 
-3.909231 
-3.304543 
-1.150057 
 .7986778 
 1.980539 
 .3802358 
-1.172717 
 1.34475 
 4.12852 
 1.090418 
-1.965102 
 1.452873 
-1.914684 
-3.191334 
-.0945074 
-2.073125 
 1.807422 
 .4073744 
-2.831736 
 .720105 
 2.645154 
-.2408595 
-2.569798 
 .6349891 
 1.265809 
 3.342465 
 3.412157 
-.940861 
 2.664275 
 3.333961 
-1.644823 
-3.637368 
-4.291609 
-3.292694 
-3.114909 
-4.198716 
-.60855 
-.1971842 
-1.591786 
 .2864651 
-3.537854 
-1.480684 
-3.595875 
-.861594 
 .3228037 
 3.201017 
 .9226096 
-1.634135 
 3.208665 
-.2169854 
-.4321761 
 3.055141 
 .5414671 
 2.173214 
-2.114257 
-2.674781 
 1.408928 
-2.683304 
-2.914783 
-4.309148 
-3.365889 
-1.880005 
 .9429825 
 .997791 
 3.288522 
 3.233759 
 2.012265 
 2.428133 
 4.330174 
-.3311726 
-1.522693 
 .2201479 
 3.440969 
 4.443224 
 3.030116 
-.2332062 
-2.938113 
-.8849985 
-3.374158 
-2.717567 
-2.065962 
 2.470458 
 3.468477 
-1.033471 
-3.479152 
-2.106281 
 1.318691 
 3.87415 
 2.345651 
 .5766491 
-1.547952 
-2.462006 
 .9143358 
 2.135517 
-1.853351 
 .9324836 
-2.325091 
-2.470109 
-.9308293 
-1.741727 
 2.318457 
 2.086091 
 1.818092 
 3.21237 
-.2126136 
-1.212249 
 2.321717 
 3.217002 
 3.456093 
 3.696501 
 2.774289 
 .9288173 
-.546743 
 .8944461 
-2.688953 
-2.88671 
 1.089682 
-2.911963 
-1.846407 
-4.076678 
 .1918528 
-.0509465 
 1.627083 
 .1309445 
-.661971 
 1.984776 
 2.707394 
 1.445439 
-.497349 
-3.22988 
-.5607584 
-.6484334 
-1.229368 
 .6205494 
 .9792315 
 .5487147 
 1.622579 
-2.728789 
-2.286771 
 .5463972 
 1.895595 
 3.084309 
 2.041338 
-2.594972 
 .4216355 
 3.203662 
 4.526279 
 2.48268 
 1.131652 
 2.303323 
-1.204879 
 .4360035 
 .1393838 
 .1472144 
-.9847991 
-1.551387 
-2.001364 
-1.067796 
 2.177846 
-.3099632 
-3.131915 
 .1530693 
 1.227845 
 2.525793 
 .3733272 
-3.272016 
-1.466079 
 1.707323 
 1.018613 
 .3747219 
 2.682568 
 1.011065 
 3.079378 
 2.851483E-02 
-2.582296 
-3.67611 
 .4341074 
-2.652888 
-2.847626 
-3.995708 
-1.791833 
-1.61678 
 .4577124 
 2.723444 
 1.423379 
 3.962916 
 4.839694 
 1.987529 
 .1932849 
 .8196136 
 1.191208 
-1.670483 
 2.083182 
-.2699829 
 .2347546 
-3.624432 
-3.798301 
 1.141897 
 4.816647E-02 
 2.172922 
 .4923898 
-3.010139 
-2.948592 
-4.469182 
-3.16734 
-1.974843 
-.3858538 
 2.309149 
-2.523776 
 .6723295 
 1.587446 
-1.418564 
-.7040387 
 1.835934 
 3.090762 
 3.937978 
 .9095818 
-1.535219 
-1.665813 
 1.47781 
 3.165423 
-1.42282 
-1.074683 
-1.732675 
-3.025441 
 .1565159 
-3.674362 
 .7247696 
 .3636998 
 2.753204 
 4.04198 
 2.636753 
 4.240334 
-1.011752 
-2.027978 
 2.026436 
 4.128912 
 3.138674 
-2.268317 
-1.94518 
-2.581726 
-4.32679 
-4.4106 
 .4681931 
 1.484922 
 3.542101 
-1.623292 
 2.565181 
 2.082909 
 2.774332 
-1.01037 
 .6358096 
 .8681861 
-2.967475 
-.9589413 
 1.853052 
 1.232429 
 3.343342 
 3.439591 
 2.539989 
 1.409314 
-2.832844 
-3.757554 
-.336689 
 .1688189 
-1.972192 
 1.117295 
 1.572184 
 4.137948 
 .469037 
-3.45314 
 1.229227 
 2.453737 
 1.054681 
-1.485196 
-2.141855 
-3.698516 
 6.711911E-02 
 2.27004 
-2.559098 
 1.061851 
 3.719142 
 .9207303 
 2.471415 
 1.985657 
-1.714228 
-3.159943 
 1.260331 
 1.346761 
 .4915144 
 2.143271 
 .4607758 
-.8665802 
-1.42477 
-1.71011 
 1.402005 
 2.359548 
 1.68954 
-.1828341 
-3.075201 
-2.017229 
-2.843272 
 .466646 
-.5362093 
-2.39265 
 .0656884 
 3.323966 
 .8682154 
 2.201744 
 4.142791 
-1.456883 
-.5420829 
-2.145773 
-3.139171 
 1.059628 
 3.423943 
-1.876459 
-1.072114 
 .8056321 
 .3943768 
 2.550742 
 3.807094 
 2.217412 
 2.550575 
 3.85028 
 2.123991 
 3.242852 
-.6971068 
-2.930922 
 1.099169 
-2.947737 
 1.433565 
-2.317247 
-3.622231 
-2.33969 
-2.409774 
-4.109406 
-5.800249E-02 
 3.235462 
 4.739796 
 2.925557 
 2.343294 
-7.254305E-02 
-1.067013 
 .7892751 
 2.883598 
 4.442524 
 2.546925 
 4.169096 
 3.060015 
-.5945199 
-3.296249 
 .5153505 
-2.670593E-02 
-2.269846 
-3.154589 
-3.024561 
 1.117258 
 3.565441 
-.4168765 
-2.244198 
-3.842793 
-1.366209 
-.5568272 
-1.578473 
-4.122704 
-3.016515 
-.3661529 
 2.575399 
-2.056675 
-4.270794 
-1.390516 
 2.681753 
 2.804539 
 3.671714 
 3.626662 
 1.384999 
-.3484254 
 2.292691 
 1.917526 
-1.412151 
 3.034357 
-.2444239 
 1.132008 
 2.744207 
 1.928574 
-1.301509 
-1.035636 
-1.260118 
 1.37996 
 3.240254 
 4.696064 
 1.705152 
 3.985341 
 .9693313 
 2.182566 
 4.055064 
 3.677398 
 3.127527 
 .7972352 
-2.350609 
-1.867998 
 2.917765 
 1.998157 
 .5217001 
-2.960099 
 1.662433 
-2.868486 
-1.677878 
-2.742879 
-3.770394 
-.5128898 
 3.39094 
-2.229335 
-3.86838 
-1.95758 
 .6872268 
 2.473935 
 1.164042 
-2.419935 
-1.756069 
-1.305125 
 3.010484 
 1.091271 
 1.040037 
 2.642829 
 2.824522 
-.7969064 
-3.512278 
-1.719267 
-3.697444 
-4.134783 
-1.63746 
 1.631629 
 1.089207 
-2.793668 
-1.550959 
-4.664123E-02 
 .8109363 
-2.195495 
 1.495687 
 1.930701 
 1.585814 
-2.369393 
-2.860052 
 2.090384 
 2.89773 
 .7166519 
 2.602261 
-.1677047 
 2.917432 
 4.367602 
-.5125241 
 1.130516 
 .1030422 
-3.477717 
 2.235042 
-2.74324 
-3.262282 
 .4855631 
 1.611111 
 2.297079 
 .8644776 
 1.342616 
-.9464176 
 2.175086 
 1.544597 
 .2673057 
 1.869537 
-2.371328 
-1.268298 
-1.434651 
-2.363667 
-2.52845 
-3.459702 
 1.696769 
 4.232269 
 .7241861 
 2.273062 
-2.891813 
 1.097357 
 2.137088 
-2.533195 
-.2970635 
-3.626087 
-1.46038 
 .8276265 
 1.672564 
-2.248954 
-4.086905 
-1.359987 
 1.118565 
 3.115796 
 2.284711 
-.378003 
-2.106328 
-2.54138 
 2.070597 
 3.392401 
 .8430142 
 .2026419 
 .9104062 
 1.026562 
 2.389749 
-.8431743 
-1.59828 
-.8996925 
-3.550418E-02 
-1.317626 
-.4527134 
-1.743564 
-2.844953 
-4.127649 
-2.628839 
 1.737797 
 1.433742 
 2.373707 
 2.045723 
 3.396641 
 2.175289 
 1.885872 
-1.21687 
-.5288802 
 3.087797 
 1.876055 
-2.175541 
 2.022906 
-2.785861 
 1.323917 
-.6239482 
-3.109411 
 .6992367 
 1.731113 
 4.289802 
 .542666 
 .6595726 
-.2288558 
-1.747444 
-1.936363 
 1.207962 
-1.486786 
-3.807075 
-.3326142 
-2.608517 
-2.737879 
-.6137211 
-3.875663 
 .6644275 
-.1077935 
-2.207485 
-2.035526 
-3.976886 
-4.472827 
-4.739316 
 1.652987 
-2.875939 
 2.614978 
-2.781875 
-2.110049 
-2.810308 
-1.017964 
 .8456957 
-2.459335 
 2.265408 
-7.048175E-03 
-2.498272 
-3.927733 
 1.633304 
-1.362663 
-.2090238 
 .1661381 
-2.450449 
 1.417355 
 4.174413 
-1.990208 
-3.754532 
 1.253585 
 2.446995 
-.4215823 
 .9374891 
-2.214697 
 2.894381 
-.3650974 
-3.263695 
 1.968605 
 3.377776 
 1.88685 
 2.030449 
 4.15239 
-.6161876 
-3.542861 
 1.967703 
 3.223701 
-1.314758 
 1.192222 
 1.631637 
 1.440054 
-3.114914 
 2.468986 
 3.791672 
-.7612399 
-.3002624 
 2.701608 
 .5040858 
 3.863567 
-.7868128 
 2.514287 
-2.136712 
-1.801147 
-.9998203 
 .5480025 
 3.434833 
 4.147408 
 4.302383 
-1.177241 
 2.391532 
 2.124921 
-2.421873 
-2.227953 
-.4973361 
 .8174101 
 1.791008 
-.9882342 
-1.826754 
-1.25098 
-1.522822 
 .5305175 
 1.346697 
-.351083 
-.3334181 
-1.496462 
 1.455181 
 3.716759 
 1.708112 
-2.242504 
-2.531342 
 2.020128 
 1.810274 
-.5405697 
-1.012671 
-1.500053 
 2.91926 
 1.872267 
-.9781498 
 1.306766 
 3.094182 
-2.020737 
-1.067116E-02 
 3.255608 
-1.799137 
 1.712882 
-1.549537 
 3.197306 
-.3256551 
-1.35922 
-.2961949 
 1.493916 
 .9212164 
 1.624563 
 .7972853 
 2.134853 
 8.989494E-02 
-.6185265 
 .6975061 
 3.045185 
-1.536469 
-3.715279 
-3.115807 
-1.156351 
-2.740619 
 1.163686 
-2.719471 
-2.103004 
 .9097566 
-2.373454 
-1.82485 
 .3560793 
 2.146872 
 .1360949 
-.844262 
-2.519558 
-1.73693 
 2.341259 
 .1150881 
-3.03263 
 2.670594 
 .5564054 
 1.929982 
-1.020364 
-2.448952 
 .1071679 
 3.482999 
 2.781075 
 2.960093 
 1.27698 
 1.453174 
 1.17636 
 1.758874 
 .4513161 
-3.120995 
 1.443512 
 2.111505 
 .1108304 
-1.03362 
 2.371021 
-2.060454 
 2.736099 
 3.138279 
 2.252806 
 1.068115 
-.209138 
-.7155473 
-3.943298 
-3.044778 
-2.240082 
 1.313469 
 3.772798 
 2.102039 
 4.062966 
-1.683395 
 .5509219 
 1.899041 
-1.292511 
 .2337397 
-1.136779 
-.782268 
 3.371244 
 4.626709 
 2.375508 
 1.049693 
-2.259698 
-1.676271 
 2.85488 
-1.540115 
 .107497 
-1.037934 
-.7029944 
 .4539781 
 2.685106 
-.8217537 
 2.478099 
-2.300978 
-1.649265 
 1.998059 
 3.481245 
-1.233566 
 2.739678 
 4.239336 
 2.116715 
-2.18757 
 200 
 .8 
 50 
