 229.0282 
 160.74 
 126.6322 
 93.3648 
 68.26353 
 51.79191 
 38.66256 
 24.90393 
 15.58792 
 9.25276 
 5.461343 
-.5187487 
-5.710886 
-7.883864 
-6.220962 
 .3278221 
 3.821098 
 6.668098 
 7.517954 
 6.833127 
 7.48664 
 6.781691 
 5.064521 
 5.469989 
 2.654513 
-.3027422 
-2.967781 
-5.555314 
-5.519356 
-8.359292 
-12.30406 
-11.26338 
-8.043754 
-7.287405 
-2.995886 
-2.497977 
-.315201 
 1.847015 
 4.296175 
 5.899446 
 3.92792 
 4.952971 
 7.060698 
 8.016949 
 6.436452 
 3.29403 
 1.728935 
-2.391284 
-4.095818 
-4.755172 
-6.921173 
-5.60993 
-1.412215 
 .3207724 
 .8925913 
-.5330898 
 1.0027 
 3.860316 
 5.422405 
 8.781362 
 7.394273 
 3.794218 
 4.950178 
 5.292563 
 3.180482 
-3.103739E-02 
-3.828102 
-7.636347 
-12.25492 
-15.66809 
-15.80401 
-15.82789 
-13.40057 
-12.44755 
-11.7647 
-12.74381 
-10.65353 
-7.524332 
-6.743203 
-5.843556 
-1.883081 
-.6248394 
 1.038321 
 .7801473 
-6.316534E-02 
-.9590657 
-5.816224 
-8.275569 
-10.87592 
-10.18499 
-9.489271 
-10.83198 
-10.76383 
-9.308917 
-2.459198 
 1.591163 
 3.850379 
 4.997717 
 4.822078 
 .2384288 
 2.844866 
 3.102469 
 5.072177 
-.2485669 
-2.51594 
-1.234565 
-1.90128 
-1.685388 
 .8267471 
 1.58303 
 1.525955 
 .9268772 
 2.326877 
 5.660544 
 4.062624 
 3.503458 
 7.114733 
 10.12212 
 11.4601 
 10.86983 
 4.375639 
 1.297351 
 1.900646 
 2.507129 
 1.233726 
-1.060453 
-3.180022 
-4.919417 
-7.085826 
-7.29075 
-7.281251 
-10.09199 
-11.65994 
-9.899262 
-2.375427 
-.2077074 
 1.070867 
 1.984376 
 3.13226 
 2.926502 
 .5802051 
 3.526305 
 7.015359 
 6.001474 
 7.266143 
 5.331928 
 .2966757 
-6.508108 
-12.14319 
-18.96131 
-21.58591 
-23.10965 
-25.81076 
-26.26699 
-24.30191 
-21.80738 
-17.8762 
-15.08417 
-9.798495 
-3.296685 
-.8826249 
 5.78107 
 8.177552 
 6.334428 
 8.366446 
 6.891615 
 1.909078 
-1.084698 
-2.024302 
-.9689824 
-2.755757 
-4.325871 
-6.449745 
-3.507351 
-3.728619 
-4.365616 
-1.153088 
 2.0646 
 3.967678 
 6.690011 
 50 
 180 
