 2.146907 
 4.71316 
-5.375909 
-11.69705 
 3.171155 
-18.2185 
-1.859955 
 11.10753 
 15.96937 
-7.52104 
-8.155676 
 9.325753 
 18.14023 
 7.453549 
 24.76493 
 32.8067 
 5.221243 
 23.45332 
 11.23609 
 9.733092 
 18.42623 
-5.12738 
 1.061105 
-.3955086 
-8.487363 
-.7593805 
 5.325031 
-6.183647 
-13.23336 
 4.337812 
 15.90527 
 14.56447 
 30.49244 
 38.52179 
 16.4102 
 20.93522 
 35.31039 
 14.83047 
 13.08274 
-6.171147 
 17.12915 
 19.18556 
-6.178484 
-.3578942 
-16.57967 
-27.7131 
-7.23347 
-14.8665 
-29.56585 
-29.44837 
-26.27954 
-27.62039 
-1.851565 
 17.13603 
 7.12903 
-3.960414 
-16.39149 
-25.15491 
-11.75377 
-12.73186 
-13.08181 
-.9118401 
-8.444142 
-.61857 
-12.83853 
-21.93326 
-12.10762 
-26.43114 
-20.61325 
 1.461749 
-9.863032 
 4.582861 
-2.278451 
-10.27416 
 10.11725 
 12.04872 
 13.71105 
 6.911353 
-11.22446 
-4.771801 
 4.570408 
 19.97965 
 27.59091 
-6.114912E-02 
 2.809593 
 19.50168 
 10.8035 
 15.4446 
 11.32429 
 9.056558 
 5.324969 
-1.852708 
-4.827377 
-12.7123 
-27.15613 
-29.65596 
-1.650292 
-20.49215 
-19.18212 
-19.59453 
-14.80526 
-25.31603 
-19.29343 
-24.35529 
-12.46548 
-7.974447 
-20.46824 
 3.407414 
 7.870958 
 5.430045 
-.6366955 
-16.39192 
 .4854706 
-1.786487 
 9.048306 
 10.06214 
 20.84665 
-5.088405 
-14.65577 
-27.47012 
-35.52154 
-32.33829 
-39.00542 
-48.96412 
-33.9563 
-19.06735 
-13.19057 
 3.082538 
-16.0249 
-23.9978 
-9.733862 
-9.533385 
-13.12052 
-23.99803 
-8.707961 
 10.70878 
 7.967942 
-11.36089 
 3.056329 
-2.171746 
-3.067749 
-2.499282 
-13.87875 
-16.68413 
-28.60363 
-16.66512 
-26.18682 
-1.355445 
-18.65103 
-15.65418 
-20.88129 
 .2045408 
 9.535384 
-3.159389 
 5.111284 
-6.545918 
-21.25914 
-34.08617 
-31.44334 
-10.97545 
-17.3546 
-23.75617 
-18.03379 
-23.57685 
-23.75122 
-36.17348 
-26.75866 
-32.05501 
-8.456801 
-3.689792 
 7.094847 
 22.04617 
 8.236007 
 8.099765 
-11.18362 
-1.714549 
-5.036159 
 15.38538 
-5.479436 
 14.04694 
 14.60682 
 4.192209 
-10.96163 
-8.001144 
-17.2391 
 8.163272 
-10.23977 
-26.46382 
-24.88733 
-16.07176 
 5.255197 
 4.268734 
-1.13334 
 13.56069 
 22.74927 
 23.15055 
 25.90307 
 39.30715 
 21.63131 
 16.32989 
 8.956747 
 15.21679 
-2.072316 
-3.877541 
-.6594733 
 12.48384 
 10.24699 
 4.425238 
 3.867176 
-8.238047 
-.519213 
-.9231895 
 6.737094 
 20.50064 
 8.950491 
-1.29613 
-8.883228 
-20.3354 
-12.95592 
-20.99282 
-11.62282 
-14.50971 
 4.797056 
 1.681342 
-11.73048 
-.5003714 
 9.494126 
 11.06881 
 19.45487 
-.127704 
 13.33305 
-2.776165 
 17.41681 
-5.770128 
-21.46228 
-2.635239 
-7.384881 
-6.90707 
-20.77252 
-30.47721 
-35.16336 
-44.01614 
-22.97152 
-16.37 
-10.20918 
-19.76527 
-15.65468 
-1.509252 
 8.53228 
 1.332629 
 17.61997 
 22.33686 
-1.020099 
 5.726703 
 13.04183 
-10.67049 
-9.669786 
-10.80189 
-17.01906 
 7.825101 
 17.15884 
 19.83809 
 10.74753 
 17.83919 
 3.734065 
-2.551392 
-4.068361 
 15.62389 
-4.91698 
 3.057981 
-4.134874 
-19.03495 
-26.13655 
-35.97551 
-28.54077 
-2.200982 
-1.225965 
-1.722762 
 17.99611 
 .5896167 
-4.113635 
-6.91539 
-13.7967 
-9.57578 
-21.96646 
-14.88987 
 8.073133 
 7.140009 
 21.6895 
 21.58225 
 13.14192 
 17.92072 
-4.840384 
 8.05657 
 13.99774 
 9.829294 
-6.883977 
-15.60419 
-17.89576 
-1.05942 
-19.96866 
-13.31967 
 .6987677 
 12.17782 
 .9244692 
 20.36329 
 26.67511 
 26.21271 
 35.77892 
 41.30027 
 26.53327 
 4.583453 
 23.39176 
 29.0954 
 29.10341 
 17.23978 
-6.684632 
-17.21737 
-25.44418 
-17.52508 
-16.85085 
-28.70901 
-29.83539 
-15.8371 
 2.111678 
 .3474758 
-12.96996 
 7.278997 
-.6668219 
-7.686588 
 5.861154 
-7.810606 
-7.476584 
-16.2154 
 4.123879 
 6.783257 
-.6249102 
-4.828658 
 11.57128 
 11.37595 
 25.89424 
 18.98165 
 7.024031 
 20.95522 
 5.087016 
-5.543212 
-16.54963 
-17.65458 
-33.11385 
-13.52084 
 3.46496 
-7.648451 
 2.830193 
-2.304919 
 11.19513 
 17.57247 
 9.82062 
-9.98278 
-10.00024 
-13.5708 
-.9929391 
-8.948391 
 5.902501 
-10.64521 
-3.467307 
 16.10006 
 .2745 
 18.69555 
-2.855059 
 18.60011 
 18.44159 
 17.37987 
 29.33586 
 24.10669 
 7.300748 
 21.05949 
-2.31263 
-3.203092 
 8.801119 
-4.392842 
-7.751289 
-9.586648 
-5.740527 
-13.78842 
-6.468543 
-16.94682 
-29.42206 
-4.627032 
-20.3292 
-8.311371 
 9.924477 
-4.812347 
 15.27528 
 24.64946 
 14.94532 
 10.84911 
 19.36933 
 27.76738 
 15.10599 
-.9843621 
-6.920782 
-7.995099 
-19.87387 
-9.004604 
-23.39068 
-28.79123 
-12.79756 
-9.845506 
-20.70065 
 5.349741 
 1.629083 
-19.50033 
-16.50253 
-20.64777 
-4.534636 
 12.08871 
 21.07716 
 1.352526 
-14.49351 
-29.82412 
-35.17056 
-30.25645 
-35.11331 
-5.894412 
 9.630409 
 9.146999 
 15.69042 
-3.573819 
-11.86853 
-27.47369 
-5.702869 
 6.809964 
 16.1302 
 4.189806 
 1.333207 
 3.501468 
 15.06858 
 13.17536 
-2.62609 
-13.25106 
-14.52727 
-7.295263 
-12.0001 
-7.538268 
-8.790959 
-3.481536 
-21.36534 
-13.02149 
-21.79538 
 3.37036 
 19.2309 
 33.24693 
 37.32378 
 23.12006 
 30.06178 
 42.1665 
 20.49232 
 2.520307 
 11.09387 
-11.6416 
-14.05967 
-1.856287 
-17.7857 
-28.55328 
-28.89801 
-25.14882 
-16.17491 
-20.18691 
-23.30259 
-4.351455 
-11.92959 
-13.89431 
-14.22091 
 3.628409 
-1.909659 
 7.766277 
 11.75832 
 4.415396 
 22.00667 
 21.43956 
 16.18954 
 .693395 
 4.748346 
 13.8722 
 8.042612 
 22.71682 
 7.146931 
 12.67397 
 25.34617 
 9.038059 
 1.779135 
-18.11348 
-20.59833 
 5.354873 
 13.67091 
 12.58414 
 13.35473 
 .1480521 
 1.040734 
 13.05567 
 23.83479 
 8.486605E-02 
 2.667262 
-1.290373 
-18.23461 
-14.49787 
-2.304411 
-2.255909 
-5.711817 
 14.20138 
 29.48315 
 24.37428 
 19.09336 
 19.00554 
-2.821439 
-13.96273 
-18.2119 
-32.63872 
-37.42364 
-30.27489 
-20.44559 
-13.20838 
 1.253933 
-18.84942 
-17.17401 
-30.66951 
-29.641 
-17.37974 
-12.60484 
-5.771862 
-11.79438 
 8.244804 
 16.24633 
 14.32666 
 7.532091 
 15.38248 
-2.822138 
-19.43157 
-23.76525 
-6.208143 
 13.40465 
 2.303309 
 9.348558 
 18.57597 
-6.017358 
 8.660336 
 5.377535 
-8.091165 
-1.083359 
 15.96715 
 29.24286 
 26.87997 
-.45101 
 7.57724 
 24.83187 
-2.699696 
 17.72889 
-5.075219 
-11.36456 
-4.314781 
 9.418097 
-12.69809 
-26.89996 
-16.16574 
-19.67123 
-17.99663 
-12.89671 
-.164922 
-2.880419 
-9.603865 
-24.35854 
-20.88855 
-12.24047 
 1.455107 
 3.557112 
 8.441583 
 18.48097 
 9.543936 
 19.44892 
 23.03024 
 24.60752 
 27.44429 
 7.347532 
 17.59814 
-4.874941 
-12.91337 
 9.849834 
 19.64429 
 2.131484 
-10.88851 
-18.00197 
 4.943515 
-7.196592 
-15.10509 
-1.814149 
 4.991646 
 14.3977 
 20.6046 
 6.731618 
 18.78952 
 22.45868 
 32.52871 
 11.93118 
 3.640276 
 5.602255 
-1.621007 
-12.93706 
-5.55434 
 1.186689 
-14.33722 
-28.03457 
-14.22478 
 3.138245 
 7.131101 
 1.572242 
-11.69136 
-8.138746 
 13.57633 
 20.07002 
 9.147382 
 6.358447 
 6.8645 
 12.29951 
-10.1865 
-.4085493 
 16.07751 
 4.439267 
-12.25286 
-11.18245 
 3.255194 
-4.030823 
-6.473897 
 5.591502 
 .983225 
 9.794333 
 7.072225 
-8.266161 
-14.49303 
-27.08139 
 .6159049 
-9.483639 
-2.044963 
-9.807077 
 7.525016 
-2.664083 
 10.40004 
-6.305522 
-12.28727 
-26.12358 
-18.64258 
-15.70427 
-7.708111 
-25.4912 
-25.59455 
-33.60364 
-31.40658 
-12.36602 
-4.78833 
 14.8178 
 23.15367 
 18.37923 
 17.82421 
 .3647499 
 17.68234 
 5.060093 
 8.291799 
 10.13248 
 18.38611 
 21.97195 
 23.55965 
 27.88815 
 10.30689 
 10.40385 
 8.350141 
 9.069802 
-2.24837 
-4.540826 
-9.15738 
 13.05204 
 9.444638 
 10.17389 
 5.945869 
-14.72408 
-14.80606 
-25.4011 
-11.68546 
-23.30053 
-29.21264 
-26.22353 
-35.9667 
-21.28562 
-7.897403 
-9.194537 
-10.33313 
-14.43739 
-2.201439 
-13.97663 
-28.72669 
-4.412965 
-22.92233 
-18.03773 
-3.476644 
 7.219627 
 17.78666 
 .307739 
-.5381516 
 15.01229 
 23.92848 
 13.25101 
 8.475254 
 .3644079 
-9.518855 
 6.331118 
 5.994407 
 5.8124 
 9.440172 
-10.20475 
 2.056211 
-8.699388 
-24.20622 
-26.17197 
 .139061 
-8.137794 
 4.020977E-02 
-6.01563 
-9.66581 
-14.02904 
-21.78741 
-27.41188 
-22.90374 
-12.08798 
-20.11527 
-6.998837 
-2.040764 
 2.247706 
-16.09817 
-29.88317 
-35.34444 
-35.86024 
-30.33276 
-19.07943 
-23.44641 
-3.480013 
 12.82101 
 9.339239 
 1.940906 
-18.80937 
-23.01043 
-30.19975 
-15.67952 
 7.777864 
-3.363527 
-13.15456 
 6.376094 
-11.32232 
-4.911733 
 .6906705 
 4.733383 
 11.14888 
 22.1905 
-.933033 
-4.181151 
 10.71641 
-2.178859 
 6.165914 
 3.086489E-02 
 14.00179 
 6.953337 
 19.07083 
 1.928653 
 11.56852 
 24.74626 
 5.883656 
 24.83488 
 36.8199 
 41.5892 
 31.03598 
 29.40243 
 20.10718 
 1.232437 
 7.958714 
 10.64477 
 22.35242 
 10.41197 
-10.37737 
-6.244066 
-22.68233 
-20.96055 
-17.18571 
-21.07133 
 3.90664 
-18.35562 
-6.73261 
-.594507 
 .4950193 
-19.24647 
-4.379436 
-11.27063 
 11.69421 
-1.042701 
-6.134415 
-11.53375 
-14.11989 
-21.01492 
-11.22136 
-.249202 
-10.39891 
-4.334099 
-.2391927 
 19.74769 
 31.22833 
 11.72525 
 21.97972 
 27.04811 
 15.78872 
 17.41228 
 12.67321 
 9.559857 
-7.791153 
 14.55358 
-3.258868 
 1.878971 
 8.849257 
-9.903679 
-.299689 
 9.427508 
 17.94253 
 9.774769 
-9.827095 
-6.229503 
-1.2829 
-19.23118 
-16.96371 
-28.01595 
-34.6102 
-32.58705 
-3.697019 
 .1871951 
-9.880959 
-10.54027 
-8.899564 
-24.59203 
-19.10419 
-16.63817 
 5.946116 
-6.126476 
-17.83471 
-12.27382 
-15.51377 
-10.76066 
-12.37661 
-19.03007 
-31.52595 
-16.69236 
-18.31859 
-11.70124 
 6.71796 
 .7225582 
 4.293574 
-1.971888 
-19.47243 
-29.49464 
-35.46297 
-40.13465 
-18.40305 
-24.15224 
-32.77823 
-42.63783 
-22.87645 
-3.410523 
-3.06008 
 9.59155 
 26.15042 
 19.14501 
-3.783527 
 3.4499 
-4.401991 
-11.95116 
-.740086 
-4.917647 
-8.318492 
-18.07483 
 2.711401 
-13.16807 
-13.30318 
-5.13414 
-2.091306 
 7.623555 
-10.48628 
-14.28683 
-30.35725 
-9.742866 
 9.547067 
-2.426412 
-12.9666 
 9.661812 
-6.571309 
-7.816429 
-11.18139 
-15.20096 
 8.844574 
 8.709543 
 7.095222 
-9.92658 
 9.904376 
-12.66107 
 3.563423 
 11.19625 
-2.842097 
 16.5858 
 10.09507 
 16.6837 
 7.743486 
-5.010888 
 1.291658 
 3.052887 
 .5869142 
 6.667933 
 15.60907 
-6.944715 
-18.34296 
-29.07079 
-39.02269 
-26.04968 
-.6906259 
-13.1701 
-15.97357 
 4.459977 
 1.544492 
-10.13762 
 7.410679 
-12.97839 
-23.94502 
 2.29616 
 14.48264 
 23.01153 
 36.6082 
 15.25737 
 18.61623 
 19.02674 
 33.44391 
 20.70235 
-2.635708 
 14.93438 
-3.218446 
-11.94608 
-3.626588 
-8.336828 
-4.771005 
 13.60994 
 11.00758 
 26.79866 
 29.7831 
 17.55426 
 23.90219 
 20.52235 
 12.98532 
-8.716776 
-24.1868 
-22.20798 
-19.43052 
-19.84978 
-9.21454 
-20.50461 
-17.47998 
-27.06058 
-.1117361 
-10.50892 
-25.87317 
-5.753035 
 3.721537 
-8.214867 
 6.186549 
 19.21293 
 33.20861 
 14.0173 
 9.345881 
 24.34875 
 34.82355 
 24.94769 
 34.43086 
 27.99491 
 17.6118 
 26.72737 
 28.84065 
 37.37671 
 12.80578 
 21.75344 
 22.87873 
 33.86633 
 38.1455 
 39.13203 
 40.02715 
 28.31451 
 31.21338 
 25.75988 
 5.488201 
-2.58506 
-2.374031 
 14.82133 
 25.29963 
 13.09115 
 29.11037 
 20.92455 
 35.50961 
 23.33888 
 29.05044 
 13.4012 
-6.739501 
 11.9595 
 11.67932 
 23.35998 
 29.3448 
 32.12728 
 40.80369 
 11.00731 
 22.74962 
 5.508985 
-4.383231 
-20.83425 
 2.378782 
 21.16201 
 4.61076 
 5.376274 
-2.400407 
-13.16053 
-21.30787 
-30.29459 
-17.30749 
-9.57693 
 7.109143 
-12.75575 
-21.18763 
-9.464589 
-8.932238 
-15.56962 
 2.514837 
-6.886854 
 14.59759 
 5.525898 
 16.13287 
 23.98909 
 21.54072 
 9.853288 
 11.32591 
 15.11898 
 14.45245 
-7.525247 
 9.544393 
-11.52984 
-21.98652 
-22.93058 
-19.16868 
-17.32486 
 1.793655 
-17.94374 
 3.703846 
-8.82201 
-24.65217 
-5.740371 
-23.89296 
-31.93736 
-15.92617 
-22.04049 
-2.074793 
-14.42319 
-21.68978 
-15.29674 
-6.493766 
-.887127 
-17.59733 
 5.898793 
-1.392482 
-7.319579 
-24.06211 
-.7351661 
-1.584031 
-5.254434 
 13.95612 
-.8735449 
 1.945501 
-17.3189 
 1.119496 
-.9407009 
 1.074501 
-4.434129 
-17.59199 
-2.638847 
-13.91019 
-21.81613 
-22.83284 
-19.71424 
-4.656091 
-19.91737 
-16.89302 
 .9345521 
 2.83448 
 12.72193 
 .2282967 
-17.16984 
-6.563658 
-4.861419 
 4.037484 
-3.597946 
 3.003162 
-12.01814 
 8.524427 
 .1580561 
 13.1947 
-4.70598 
-2.860375 
-21.14532 
-4.425614 
 10.32982 
-1.748384 
-4.303862 
-2.366632 
-22.18435 
-8.569026 
 13.02492 
-8.322696 
 5.992357 
-14.82922 
 9.089003 
 26.43845 
 26.07294 
 26.50793 
 6.145799 
-7.935148 
 14.44055 
 18.00459 
 28.6954 
 5.105643 
-9.745002 
-15.5703 
-30.05147 
-28.40236 
-4.07847 
-14.81145 
-2.555789 
 11.17047 
-9.682645 
 6.635259 
 17.22636 
-.3002026 
-15.96144 
-5.664367 
-21.75729 
-10.23819 
-9.40413 
 11.15726 
-5.496239 
-11.99305 
-3.970346 
-13.56054 
-17.31664 
-29.17651 
-41.25451 
-10.7267 
 .55706 
-3.593244 
-4.524766 
-5.006287 
 10.98706 
 3.655797 
 11.26053 
 2.847467 
-2.293096 
-12.15412 
-19.56088 
-31.52342 
-10.45869 
 4.864307 
-4.36222 
-6.478003 
 15.68347 
 18.71387 
 12.84194 
 23.26497 
 10.0795 
-6.420538 
 12.97892 
 9.460747 
 18.81097 
 18.11812 
 6.841595 
 24.5905 
 12.1533 
 1.219549 
-10.00854 
 4.733458 
 19.3158 
-2.54642 
 15.48465 
 15.8342 
 27.48925 
 30.17689 
 14.76828 
 13.0735 
 23.32234 
 2.5499 
 14.83933 
 7.754782 
 7.777547 
-11.81233 
-25.96601 
-4.234386 
 16.18609 
-9.126282 
 .4631492 
 18.87292 
-2.711116 
-6.081619 
-4.343783 
 13.36314 
-4.599186 
 10.56199 
 13.55239 
-1.801376 
-19.37926 
 3.768326 
 1.701002 
 8.095626 
-12.29839 
-28.24968 
-.9308261 
-13.53278 
 6.462629 
 1.639439 
-12.50216 
-17.31886 
-1.973868 
 12.55778 
-1.735375 
-7.242614 
 10.22121 
 21.60694 
 11.62063 
 12.66776 
-3.430629 
 16.57162 
 1.612196 
-18.20179 
-19.57648 
-9.773672 
-12.46706 
-3.318551 
 7.073431 
 13.22135 
-3.810835 
-20.42485 
-24.45589 
-29.84032 
-1.889157 
-15.85595 
-5.053527 
 12.66615 
-1.118366 
-10.60106 
 3.916166 
 13.04923 
 4.412362 
-10.77675 
-4.211009 
-18.7469 
-22.51526 
-1.430772 
 5.052943 
 1.63452 
 3.83139 
-8.350777 
-25.54198 
-27.84893 
-1.364627 
-20.42913 
-3.922904E-02 
-18.10322 
-3.711752 
-12.76773 
 7.821806 
-13.5483 
-5.265895 
-4.039867 
 12.36261 
 6.003909 
 18.01751 
 26.1248 
 .9468591 
 5.021934 
 4.222338 
 15.27748 
 7.91367 
 25.65143 
 3.360696 
 10.36727 
 15.54895 
 20.81048 
 14.83732 
 31.23329 
 36.83318 
 13.12372 
 17.38568 
 3.781526 
 18.79186 
 23.03826 
 12.27001 
-7.147009 
 .7016951 
-15.58473 
-3.526232 
-10.7036 
-24.65206 
-11.92101 
-7.103267 
-2.338197 
 11.92465 
 25.79589 
 6.091477 
-9.428723 
 2.942312 
 14.75791 
 2.812053 
 16.77713 
 23.26235 
 11.76837 
 12.50197 
 4.010334 
 4.316247 
 2.314187 
 5.451645 
 15.24187 
 3.578116 
-6.767701 
 10.73686 
-2.60637 
-15.56587 
-24.66287 
-28.0648 
-33.55355 
-23.30106 
 1.501008 
-4.614966 
-11.9872 
-1.487946 
-12.57776 
-.9529424 
-8.192194 
-24.44535 
 1.169696 
-9.395328 
 .4162004 
 20.41222 
 8.940925 
 1.151649 
-.456386 
 8.947045 
-3.827858 
 13.00745 
 20.5417 
 13.05117 
-5.678631 
-15.61282 
-21.13608 
 5.442652 
-17.00004 
-18.95983 
-4.895748 
-12.94422 
-16.91956 
-26.66986 
-26.3825 
-20.18194 
 2.372452 
-18.44378 
-2.217076 
-19.77446 
-8.608559 
 1.047866 
 11.61972 
 3.899853 
 13.65906 
-3.824283 
 15.84413 
 3.742822 
-14.67014 
-18.04144 
-6.548493 
-19.13338 
 1.950375 
-13.28701 
-12.06202 
 8.776447 
 4.120545 
 23.00859 
 13.14282 
 20.74276 
 23.74059 
 5.101395 
-9.19599 
 .8940479 
 20.51866 
 25.39885 
 20.89685 
 10.58926 
-.8699083 
 11.01171 
-2.943012 
 6.580584 
 9.128577 
-6.376531 
 14.88592 
 23.24242 
 23.02078 
-1.082053 
-1.142303 
-16.91403 
-4.931133 
 7.629302 
 3.125812 
-17.98128 
-10.95429 
-3.403356 
 12.11382 
 .4053008 
-8.534833 
-1.102474 
-6.522978 
-2.755146 
 3.488416 
 8.647933 
-8.34841 
 2.281924 
 19.71265 
 24.75774 
 35.89608 
 11.25083 
 .9989671 
 10.91835 
-2.25423 
 17.55593 
 30.82053 
 36.17746 
 42.64866 
 18.08627 
 31.92029 
 7.345791 
 18.55899 
 23.04789 
 34.59964 
 23.168 
 34.21839 
 11.21371 
 9.084397 
 2.081674 
 6.120247 
-14.58861 
-16.03225 
-1.947437 
-19.34123 
-24.39771 
-35.31357 
-11.49452 
-21.62772 
-4.512114 
 15.52728 
 22.4521 
 14.88631 
 18.49625 
 4.297089 
-13.46358 
-15.3974 
-21.46043 
-17.86208 
-20.12025 
-8.887488 
-9.97294 
 6.559519 
 2.547549 
-.4023393 
 4.833549 
 10.40664 
 27.80134 
 .4686761 
 3.335145 
-15.66717 
-5.97364 
-18.07944 
-12.97633 
-11.74239 
 11.42718 
 11.35373 
 18.27027 
 4.126987 
 19.98825 
 28.45893 
 13.14455 
 25.22478 
 18.71112 
 2.022092 
 18.28466 
 12.50645 
 29.2816 
 1.416012 
 21.55252 
 29.71168 
 12.49806 
-2.313468 
-3.069057 
 5.78928 
-5.007982 
 15.89411 
-2.175076 
 5.321046 
-14.76867 
 5.503686 
-14.91394 
-10.81436 
-9.023092 
-22.78829 
-32.67395 
-28.92767 
-39.59237 
-9.57255 
 11.94721 
 10.29569 
-13.34198 
-4.008602 
 7.164392 
 .1210321 
 2.978283 
-11.76584 
-1.047096 
-12.89979 
-5.18697 
 10.49926 
 8.980826 
 25.5746 
 12.73331 
 14.8392 
-4.005525 
 7.812822 
 14.44695 
 25.64248 
 31.32825 
 29.32334 
 12.11855 
 7.785376 
 10.03576 
-10.0437 
-22.12699 
 3.191512 
-8.634205 
 9.447987 
 9.371506 
-5.828406 
 11.38634 
-4.001492 
-10.33367 
-25.74031 
-20.16912 
-21.76542 
-10.95078 
-13.8468 
 7.672798 
 14.14816 
-8.284267 
-11.85125 
-13.03632 
-6.406312 
-15.32561 
 6.929347 
 .7206497 
-8.452785 
 11.74311 
 16.29891 
 29.37682 
 20.0737 
 7.544068 
 18.59771 
-4.45801 
-18.80482 
-4.410328 
-15.06064 
-16.20663 
-.6150429 
-12.79703 
-15.80791 
-20.50422 
-15.40732 
 7.666171 
 11.25471 
 21.29599 
 13.6959 
 3.133554 
 17.96563 
 16.59795 
 5.139576 
 6.459549 
-14.60391 
 5.847849 
 1.4969 
 3.813056 
-11.23557 
-20.39586 
-10.12588 
-25.45389 
 2.145581 
 18.52356 
 28.44063 
 34.49649 
 43.28055 
 26.42137 
 34.07053 
 20.17111 
 13.54579 
 24.65305 
 31.09509 
 27.75829 
 16.81397 
-2.012109 
 6.646685 
-10.22896 
-27.18902 
-26.88979 
-15.71144 
-18.22363 
-6.092078 
-3.0998 
-11.42542 
-19.92343 
-16.67805 
-14.86274 
-16.41884 
 7.867684 
-1.978656 
-7.212406 
 14.43927 
 1.403379 
-8.45363 
-16.58717 
-4.73963 
-2.889085 
 15.47696 
 8.446321 
 9.566918 
-.5826649 
-13.20186 
-25.91861 
-5.274344 
-5.90134 
-6.58673 
-11.21693 
-26.65858 
 .3235021 
 2.99176 
-7.570794 
-6.540852 
-11.59507 
 5.749311 
 12.02845 
 24.09802 
 4.888056 
-11.79173 
-8.881028 
-21.72938 
-29.36412 
-20.99931 
-1.794768 
 5.092614 
 14.28054 
-8.678349 
-16.68745 
-7.654707 
 14.31026 
 20.95862 
 1.373253 
 5.971308 
 10.94405 
 25.51663 
 18.37519 
 14.68106 
 6.487688 
 4.801619 
 16.80768 
 28.54333 
 25.23799 
 37.50936 
 12.52416 
 26.35264 
 37.39701 
 22.06434 
 36.34993 
 22.29289 
 24.63969 
 21.29111 
 11.02478 
 8.403266 
 16.6302 
 19.10313 
 14.81954 
-9.381449 
 .4730211 
 16.3661 
 4.350806 
 1.716509 
 18.20124 
 13.68877 
 8.590368 
-6.26311 
-1.14907 
-11.64773 
-7.514022 
 4.507989 
-15.65718 
-8.547167 
-8.500106 
-5.641115 
-14.41635 
-4.201336 
-10.45586 
-1.865745 
 11.93053 
 1.170194 
-8.849433 
-21.48477 
-2.259492 
-8.149316 
-2.722406 
-12.40415 
-12.92288 
 6.667906 
-3.079347 
-13.48087 
-26.61868 
-26.8105 
-1.093497 
-21.18444 
 2.615993 
-11.63401 
-19.7261 
-9.265171 
-19.85411 
-8.907262 
-6.742038 
-15.73855 
-27.17924 
-11.93087 
-23.65242 
-30.80488 
-41.81863 
-43.40314 
-42.89351 
-31.98199 
-17.6471 
-4.444274 
-5.727523 
-11.7086 
 1.005134 
 20.51758 
 12.60968 
-3.545013 
 9.641616 
-6.35623 
-18.20625 
-7.431073 
-16.92179 
 1.54424 
-.5867072 
-16.94984 
-2.778297 
 10.82764 
 1.12264 
-12.75161 
-.5998519 
 5.097208 
 19.51239 
 26.36848 
 7.51757 
 22.54505 
 29.77827 
 6.437955 
-11.42055 
-24.33113 
-27.30747 
-30.83854 
-39.91792 
-24.72358 
-18.75116 
-22.7508 
-12.38476 
-29.64472 
-23.09258 
-34.27274 
-23.11459 
-14.08767 
 6.072158 
 2.635571 
-9.021906 
 14.36117 
 2.719552 
 .1945309 
 17.93347 
 9.985172 
 18.44405 
-2.285347 
-11.78677 
 4.637391 
-14.34034 
-21.11646 
-33.49237 
-34.71865 
-29.57673 
-13.37966 
-6.893903 
 10.58721 
 18.64051 
 18.23093 
 22.92117 
 36.07817 
 16.30312 
 4.892334 
 8.360433 
 24.88942 
 35.96325 
 34.47235 
 18.49727 
-1.431643 
 .5567434 
-16.18424 
-19.91314 
-20.65303 
 2.309138 
 15.38375 
-1.567376 
-18.06628 
-17.76142 
-1.719127 
 17.07923 
 17.44219 
 11.37814 
-1.053238 
-10.92621 
 2.102903 
 11.34433 
-6.226196 
 4.465227 
-11.44118 
-17.23402 
-12.89165 
-17.4383 
 3.224265 
 8.813471 
 12.15366 
 22.99637 
 9.377854 
 1.011112 
 16.25707 
 25.05882 
 31.15578 
 36.63808 
 35.24266 
 26.05719 
 14.96865 
 17.65499 
-3.21426 
-12.39079 
 2.885939 
-16.23706 
-16.18417 
-30.79313 
-13.56838 
-11.14423 
 .500301 
-2.511015 
-5.867775 
 7.887018 
 16.56316 
 14.68183 
 5.341938 
-12.57057 
-5.577658 
-6.61457 
-10.41622 
-1.862609 
 2.579917 
 2.829276 
 9.891335 
-11.02425 
-15.00636 
-3.451265 
 6.568665 
 17.82277 
 18.09422 
-4.908359 
 4.314544 
 20.02257 
 33.20438 
 29.15106 
 23.13649 
 27.96494 
 9.756681 
 12.58436 
 9.47859 
 7.792017 
 .2438149 
-6.166011 
-12.31495 
-10.90395 
 5.978301 
-1.94934 
-18.05635 
-6.084566 
 1.74043 
 12.51764 
 6.069995 
-14.17801 
-11.70563 
 3.65605 
 4.626059 
 3.357598 
 16.52134 
 12.31297 
 24.18057 
 11.91218 
-5.119584 
-18.44035 
-3.622699 
-18.35982 
-23.90618 
-34.06163 
-27.18576 
-25.83178 
-13.75621 
 3.39748 
 4.397229 
 22.0402 
 34.79445 
 26.95093 
 17.37766 
 17.45096 
 18.16126 
 2.123696 
 16.81804 
 6.819502 
 7.138603 
-14.98854 
-24.38809 
-4.028821 
-5.372234 
 7.725633 
 3.823864 
-14.72845 
-20.87463 
-34.11242 
-33.74655 
-29.79255 
-20.65209 
-2.313169 
-20.80963 
-6.695022 
 2.096704 
-9.72727 
-8.205922 
 5.362357 
 17.063 
 27.93928 
 17.74647 
 3.175506 
-3.3174 
 9.288718 
 21.29048 
 1.50599 
-1.596442 
-8.380049 
-19.25415 
-7.223654 
-26.13745 
-7.946904 
-5.72141 
 9.950949 
 23.79153 
 23.83537 
 35.82296 
 12.5589 
 .742698 
 16.23795 
 30.72193 
 31.73704 
 4.945536 
-1.86454 
-11.32651 
-26.79915 
-35.2835 
-14.75855 
-4.216773 
 12.96001 
-6.843296 
 12.46957 
 15.35928 
 22.4615 
 5.547303 
 10.01423 
 11.07056 
-9.754512 
-6.187361 
 7.57599 
 8.494831 
 22.20498 
 28.58881 
 28.33184 
 23.90786 
-.3412101 
-14.65619 
-4.775155 
-1.995155 
-12.76988 
 .7134606 
 6.722365 
 24.46179 
 12.2011 
-10.67189 
 6.235715 
 15.57571 
 12.3344 
-1.034723 
-9.288559 
-22.74971 
-8.908603 
 5.497999 
-14.90861 
 .0676443 
 18.17105 
 10.78031 
 19.85465 
 20.71303 
 2.079703 
-11.98982 
 4.741434 
 8.261554 
 6.067796 
 15.37685 
 9.601243 
 1.589471 
-4.69647 
-9.862212 
 3.935295 
 12.90343 
 13.98403 
 5.994423 
-11.91607 
-13.43809 
-21.50928 
-7.655594 
-9.878881 
-19.5823 
-9.382878 
 10.9398 
 5.807078 
 14.66089 
 29.19554 
 5.226606 
 4.274051 
-7.322947 
-18.14895 
-1.147705 
 15.6156 
-5.931942 
-6.29537 
 1.976866 
 1.901429 
 14.63162 
 26.5487 
 24.16931 
 27.70735 
 36.84513 
 31.47922 
 37.35004 
 17.68351 
-.986788 
 11.80877 
-9.591429 
 7.068548 
-10.5093 
-22.87879 
-22.43057 
-25.32271 
-36.75066 
-19.45417 
 2.980259 
 21.19995 
 21.88095 
 23.2315 
 12.26193 
 3.718008 
 9.578054 
 21.49175 
 34.5848 
 30.75287 
 40.95152 
 39.08349 
 19.98827 
-1.453623 
 9.04697 
 5.666558 
-8.080648 
-18.54089 
-23.90451 
-5.512483 
 12.90913 
-.2911926 
-11.65498 
-25.13698 
-18.31687 
-14.11907 
-18.31489 
-33.28119 
-33.04683 
-20.73132 
-.9518061 
-17.7822 
-32.62387 
-23.25845 
-3.300405E-02 
 9.45643 
 21.25814 
 28.16062 
 21.22666 
 11.33082 
 22.11525 
 22.47408 
 5.249194 
 23.88566 
 10.28247 
 14.68633 
 23.89177 
 22.89776 
 6.159803 
 1.928757 
-3.153022 
 7.974513 
 20.90913 
 34.73992 
 25.67336 
 37.90357 
 25.63504 
 29.5828 
 40.23349 
 42.18427 
 41.49652 
 29.35808 
 7.867301 
 .990904 
 20.98135 
 20.65634 
 14.32045 
-6.443767 
 10.77756 
-11.20037 
-11.47843 
-20.2034 
-30.20549 
-17.67786 
 6.213978 
-15.0337 
-27.90994 
-23.64942 
-10.05606 
 4.359623 
 4.263944 
-12.63302 
-14.00812 
-14.05852 
 8.664203 
 5.981731 
 7.902464 
 18.31962 
 23.77039 
 7.618006 
-11.70888 
-10.66639 
-24.74305 
-33.5821 
-25.65769 
-7.11214 
-3.100174 
-20.18932 
-17.86045 
-10.54794 
-3.544703 
-16.61884 
 .332726 
 7.562526 
 10.25778 
-8.681632 
-17.16003 
 4.668398 
 14.90062 
 8.966781 
 19.6338 
 8.394786 
 22.89516 
 35.17658 
 14.52778 
 18.53971 
 12.31564 
-9.90553 
 12.41837 
-10.52142 
-19.95909 
-5.427536 
 3.617176 
 11.8499 
 8.769285 
 12.21704 
 1.201717 
 15.00534 
 15.21281 
 9.740528 
 17.19312 
-3.988111 
-4.780342 
-8.75774 
-16.56311 
-21.40947 
-29.89908 
-5.965321 
 14.94446 
 6.075388 
 15.58017 
-8.991901 
 5.554076 
 13.60088 
-8.237442 
-2.341133 
-21.10757 
-16.2176 
-4.671412 
 3.776813 
-13.19663 
-27.6565 
-19.67806 
-5.954416 
 10.0903 
 13.4163 
 3.159983 
-8.327459 
-15.71761 
 4.96061 
 17.89329 
 10.86502 
 7.599589 
 10.40853 
 11.63554 
 19.82759 
 5.296782 
-2.852156 
-3.595242 
-.9611112 
-7.915901 
-5.653017 
-12.94305 
-21.74608 
-33.1325 
-30.78672 
-8.269163 
-2.329015 
 8.092146 
 12.21289 
 23.55061 
 22.54355 
 22.89021 
 6.714979 
 4.95812 
 21.99256 
 20.38387 
-.4700799 
 15.61363 
-7.826658 
 7.462446 
-.6384161 
-16.22606 
-1.719203 
 6.655549 
 24.89328 
 12.6009 
 12.11862 
 6.59563 
-4.040005 
-9.885813 
 3.351588 
-8.294069 
-24.03868 
-11.85992 
-22.74744 
-26.77558 
-17.88991 
-33.73854 
-13.67868 
-12.59261 
-21.60253 
-22.91884 
-35.00375 
-42.7152 
-49.01205 
-18.06419 
-33.40639 
-4.904802 
-24.90425 
-24.59216 
-29.7015 
-22.20557 
-10.16151 
-23.23881 
 .065418 
-5.024356 
-17.60595 
-29.61759 
-5.057861 
-15.0249 
-9.679487 
-6.066273 
-18.52907 
-1.001268 
 19.0655 
-5.572781 
-20.53696 
-.548704 
 10.26565 
 .1356886 
 6.203811 
-9.50705 
 13.54793 
 1.977041 
-15.63914 
 6.06501 
 18.88902 
 17.41136 
 20.37967 
 34.02823 
 13.55201 
-7.714386 
 12.77658 
 23.20536 
 3.444468 
 12.13719 
 15.67067 
 16.35699 
-7.771133 
 14.54195 
 26.57654 
 7.823068 
 6.05654 
 20.20275 
 12.31081 
 29.62403 
 9.866657 
 23.18369 
 .4786918 
-4.800006 
-5.19398 
 1.244747 
 18.65322 
 29.55091 
 37.20309 
 12.57135 
 25.45617 
 25.96632 
 1.914474 
-5.411871 
-1.948952 
 4.107423 
 11.20469 
-.8040247 
-8.480716 
-9.351382 
-12.79794 
-3.538129 
 3.514641 
-2.223296 
-2.765757 
-9.626602 
 3.934421 
 20.25803 
 16.72668 
-3.278702 
-11.47596 
 7.923196 
 11.57241 
 1.901079 
-2.912249 
-8.249126 
 13.06395 
 13.86949 
 1.120718 
 10.23216 
 22.00414 
-1.079106 
 3.603136 
 20.72237 
-1.203687 
 12.50544 
-2.720586 
 18.95774 
 5.682233 
-2.389684 
-.4477504 
 8.54025 
 8.321214 
 13.29878 
 11.00877 
 18.45153 
 9.942847 
 4.042598 
 8.325454 
 21.62198 
 1.40247 
-15.96388 
-21.17825 
-15.73216 
-24.62238 
-6.44022 
-22.51558 
-22.85464 
-7.896072 
-21.16565 
-21.05377 
-10.17792 
 3.201036 
-1.560626 
-6.151941 
-16.72947 
-16.8324 
 3.805237 
-1.643642 
-18.21935 
 7.432094 
 2.844272 
 11.57849 
-1.002337 
-11.98797 
-3.187523 
 16.48896 
 20.2553 
 25.69859 
 20.21973 
 20.71688 
 19.18337 
 21.8267 
 15.36507 
-6.36972 
 9.9867 
 16.10023 
 8.301335 
 .447644 
 15.69804 
-4.541107 
 16.15343 
 23.62447 
 23.60154 
 19.02875 
 11.11152 
 5.072065 
-16.22156 
-20.47848 
-21.31932 
-4.187293 
 14.63415 
 14.44521 
 28.81172 
 3.86151 
 9.74613 
 16.72942 
 1.53012 
 5.337279 
-2.673665 
-3.837231 
 17.35097 
 31.3298 
 26.89568 
 21.1885 
 1.522422 
-3.03612 
 17.11117 
-1.664432 
 2.735183 
-3.850356 
-4.525586 
 .5813253 
 14.22354 
 .4473693 
 15.81649 
-6.012468 
-8.591715 
 8.059516 
 20.92753 
 1.566875 
 19.03347 
 31.89489 
 26.76642 
 3.838377 
 200 
 4 
 50 
