 1.89871 
 4.38779 
-4.247157 
-10.83579 
 1.551854 
-15.93291 
-3.486887 
 9.420314 
 15.21225 
-4.892913 
-7.778478 
 7.348385 
 16.89262 
 8.544771 
 22.88977 
 31.66023 
 8.277775 
 21.69892 
 12.44567 
 10.04669 
 17.4575 
-2.516411 
 .6475193 
-.2749273 
-7.537948 
-1.54303 
 4.531035 
-4.944955 
-12.27516 
 2.417236 
 14.34596 
 14.53921 
 28.64813 
 37.38033 
 18.83449 
 20.69236 
 33.62045 
 17.00272 
 13.53592 
-3.892873 
 14.69886 
 18.66687 
-3.306188 
-.6987376 
-14.74372 
-26.21375 
-9.427723 
-14.23774 
-27.79381 
-29.25709 
-26.62376 
-27.50517 
-4.817301 
 14.59807 
 7.992504 
-2.578573 
-14.79462 
-23.95719 
-13.16457 
-12.78188 
-13.04714 
-2.314765 
-7.735544 
-1.441342 
-11.52094 
-20.72952 
-13.10437 
-24.89047 
-21.10773 
-1.14744 
-8.855449 
 3.029299 
-1.664838 
-9.278863 
 7.874925 
 11.5662 
 13.46309 
 7.66878 
-9.04027 
-5.265266 
 3.433336 
 18.06678 
 26.48985 
 3.008332 
 2.832569 
 17.57462 
 11.58629 
 14.99855 
 11.74906 
 9.367829 
 5.792352 
-.9688858 
-4.381309 
-11.74918 
-25.37498 
-29.16105 
-4.830727 
-18.68158 
-19.12425 
-19.54016 
-15.35265 
-24.16419 
-19.85653 
-23.8352 
-13.7799 
-8.645597 
-19.10146 
 .8052312 
 7.054111 
 5.617798 
 8.636754E-02 
-14.48692 
-1.245442 
-1.723938 
 7.80296 
 9.800963 
 19.56969 
-2.237757 
-13.22016 
-25.82273 
-34.40029 
-32.57667 
-38.26221 
-47.7269 
-35.54827 
-20.97266 
-14.09023 
 1.097246 
-14.04546 
-22.84724 
-11.24986 
-9.731822 
-12.72876 
-22.69522 
-10.32499 
 8.27713 
 8.003687 
-9.122211 
 1.648405 
-1.73011 
-2.913109 
-2.547123 
-12.56874 
-16.20836 
-27.17065 
-17.87963 
-25.22645 
-4.115099 
-16.97058 
-15.80636 
-20.29459 
-2.165302 
 8.182703 
-1.848164 
 4.306723 
-5.291277 
-19.41314 
-32.38987 
-31.55276 
-13.35433 
-16.89214 
-22.96264 
-18.6036 
-23.00191 
-23.66459 
-34.72737 
-27.6799 
-31.54922 
-11.12645 
-4.549521 
 5.748677 
 20.16207 
 9.614742 
 8.274907 
-8.934079 
-2.549177 
-4.748647 
 13.05775 
-3.336409 
 12.0373 
 14.30977 
 5.361869 
-9.07452 
-8.125234 
-16.18547 
 5.348388 
-8.437671 
-24.37987 
-24.82866 
-17.08412 
 2.672616 
 4.084212 
-.5301547 
 11.93169 
 21.49868 
 22.95958 
 25.56278 
 37.71821 
 23.49107 
 17.15777 
 9.904842 
 14.60269 
-.1445689 
-3.445983 
-.9816133 
 10.92714 
 10.32562 
 5.107363 
 4.01055 
-6.822023 
-1.247862 
-.9607239 
 5.847173 
 18.8066 
 10.08993 
 2.017739E-02 
-7.853932 
-18.89245 
-13.64223 
-20.14304 
-12.60782 
-14.28984 
 2.590478 
 1.786445 
-10.16783 
-1.617997 
 8.209488 
 10.73825 
 18.44717 
 2.019681 
 12.02515 
-1.06503 
 15.28018 
-3.336565 
-19.36682 
-4.569526 
-7.059406 
-6.924681 
-19.17161 
-29.1702 
-34.47051 
-42.9126 
-25.27685 
-17.39969 
-11.04045 
-18.75662 
-16.01329 
-3.186019 
 7.177563 
 2.008344 
 15.81516 
 21.58291 
 1.592966 
 5.248815 
 12.1409 
-8.033335 
-9.480601 
-10.64914 
-16.28265 
 5.038076 
 15.7576 
 19.36636 
 11.74393 
 17.13453 
 5.283253 
-1.645653 
-3.788279 
 13.37971 
-2.801755 
 2.380555 
-3.381645 
-17.22532 
-25.10635 
-34.71896 
-29.25501 
-5.328616 
-1.70026 
-1.720161 
 15.71677 
 2.338421 
-3.367733 
-6.505256 
-12.95376 
-9.966298 
-20.57916 
-15.54759 
 5.342413 
 6.932194 
 19.98345 
 21.39742 
 14.09631 
 17.47859 
-2.260155 
 6.863885 
 13.17302 
 10.21585 
-4.907118 
-14.36753 
-17.48787 
-2.958663 
-18.00219 
-13.861 
-.9844429 
 10.65617 
 2.049522 
 18.24609 
 25.70066 
 26.15351 
 34.66616 
 40.53332 
 28.15177 
 7.308115 
 21.53238 
 28.22106 
 29.00141 
 18.59951 
-3.761609 
-15.66179 
-24.31327 
-18.30984 
-17.01952 
-27.35762 
-29.54894 
-17.42229 
-.1465843 
 .290359 
-11.43697 
 5.1153 
 1.631679E-03 
-6.797776 
 4.397694 
-6.399241 
-7.352036 
-15.19073 
 1.890975 
 6.217675 
 .1661403 
-4.251225 
 9.742088 
 11.18706 
 24.19399 
 19.58423 
 8.476078 
 19.51254 
 6.754707 
-4.121487 
-15.11285 
-17.36074 
-31.29268 
-15.57539 
 1.263763 
-6.618137 
 1.7379 
-1.837541 
 9.688463 
 16.66102 
 10.61142 
-7.601948 
-9.722981 
-13.12597 
-2.395602 
-8.190843 
 4.273212 
-8.920537 
-4.097738 
 13.76505 
 1.834102 
 16.74625 
-.5890111 
 16.38171 
 18.20345 
 17.47508 
 27.96467 
 24.5527 
 9.295194 
 19.69946 
 .2321204 
-2.805958 
 7.45926 
-3.022656 
-7.204626 
-9.31127 
-6.15333 
-12.90575 
-7.212729 
-15.82149 
-27.84974 
-7.311738 
-18.82429 
-9.526737 
 7.675781 
-3.368632 
 13.11991 
 23.31656 
 15.91309 
 11.43454 
 18.45201 
 26.69046 
 16.44524 
 1.030621 
-6.001544 
-7.76463 
-18.47396 
-10.09933 
-21.85411 
-27.98925 
-14.55383 
-10.38982 
-19.50865 
 2.475938 
 1.726985 
-17.0463 
-16.56539 
-20.17582 
-6.342866 
 9.957891 
 19.79169 
 3.484222 
-12.41516 
-27.81152 
-34.3198 
-30.7262 
-34.60613 
-9.213687 
 7.4519 
 8.951035 
 14.9113 
-1.43681 
-10.66255 
-25.5302 
-7.995047 
 5.098402 
 14.85485 
 5.422759 
 1.805988 
 3.305459 
 13.70868 
 13.23702 
-.7922046 
-11.81073 
-14.21322 
-8.095027 
-11.54865 
-8.001896 
-8.699739 
-4.084796 
-19.36759 
-13.75514 
-20.86587 
 .5684828 
 17.07339 
 31.37716 
 36.63631 
 24.68263 
 29.43991 
 40.69522 
 22.82792 
 4.868008 
 10.37412 
-9.09643 
-13.48589 
-3.20075 
-16.09958 
-27.11354 
-28.69171 
-25.5584 
-17.25971 
-19.84851 
-22.90327 
-6.496174 
-11.30145 
-13.59456 
-14.1485 
 1.573274 
-1.507008 
 6.694221 
 11.17287 
 5.196608 
 20.06331 
 21.28046 
 16.77809 
 2.552897 
 4.494537 
 12.78808 
 8.591221 
 21.0838 
 8.75813 
 12.22127 
 23.82884 
 10.74798 
 2.815995 
-15.69389 
-20.03134 
 2.42005 
 12.37023 
 12.55941 
 13.26278 
 1.664207 
 1.112812 
 11.67499 
 22.42903 
 2.668007 
 2.667348 
-.8328329 
-16.22284 
-14.69729 
-3.737114 
-2.427147 
-5.332086 
 11.94318 
 27.45541 
 24.73048 
 19.74505 
 19.09103 
-.2882046 
-12.38186 
-17.53791 
-30.89296 
-36.66865 
-31.01405 
-21.66738 
-14.1863 
-.5310653 
-16.73169 
-17.12288 
-29.10342 
-29.57885 
-18.79004 
-13.31989 
-6.644467 
-11.19901 
 5.996964 
 15.06143 
 14.4116 
 8.327411 
 14.56686 
-.8118482 
-17.279 
-23.01539 
-8.151178 
 10.91265 
 3.298608 
 8.649142 
 17.42836 
-3.30687 
 7.276843 
 5.597108 
-6.508705 
-1.710567 
 13.92348 
 27.47183 
 26.94839 
 2.716552 
 7.015311 
 22.77215 
 .2450267 
 15.70763 
-2.672577 
-10.35971 
-5.013617 
 7.74969 
-10.33418 
-24.98484 
-17.18529 
-19.38384 
-18.157 
-13.50484 
-1.707109 
-2.744776 
-8.810906 
-22.56112 
-21.08191 
-13.2626 
-.2463627 
 3.117404 
 7.82607 
 17.24919 
 10.43472 
 18.40681 
 22.49574 
 24.36338 
 27.08812 
 9.629681 
 16.67693 
-2.383394 
-11.69603 
 7.358982 
 18.22402 
 3.991894 
-9.168231 
-16.98073 
 2.40892 
-6.086128 
-14.06244 
-3.230136 
 4.041151 
 13.20041 
 19.74862 
 8.236475 
 17.56952 
 21.89346 
 31.2992 
 14.17026 
 4.857615 
 5.51617 
-.7958997 
-11.53346 
-6.245567 
 .3274684 
-12.64188 
-26.25507 
-15.61557 
 .970174 
 6.418855 
 2.132544 
-10.09322 
-8.364697 
 11.03979 
 19.02606 
 10.28943 
 6.812896 
 6.858534 
 11.6705 
-7.659679 
-1.24683 
 14.0747 
 5.55319 
-10.19436 
-11.06822 
 1.599308 
-3.379941 
-6.116214 
 4.238008 
 1.359501 
 8.819208 
 7.274189 
-6.469588 
-13.56546 
-25.51886 
-2.405455 
-8.665352 
-2.810326 
-8.998204 
 5.614817 
-1.706985 
 9.000383 
-4.536053 
-11.39118 
-24.42041 
-19.31054 
-16.12118 
-8.68072 
-23.54779 
-25.35793 
-32.65038 
-31.55037 
-14.58387 
-5.920762 
 12.42028 
 21.91282 
 18.78774 
 17.9356 
 2.396063 
 15.91514 
 6.315012 
 8.063269 
 9.893265 
 17.40428 
 21.4439 
 23.31505 
 27.35947 
 12.27829 
 10.62055 
 8.612616 
 9.016949 
-.9460207 
-4.125241 
-8.57563 
 10.55173 
 9.572626 
 10.10438 
 6.426622 
-12.27891 
-14.5139 
-24.14246 
-13.12558 
-22.12423 
-28.39317 
-26.47436 
-34.86932 
-22.85599 
-9.626719 
-9.2445 
-10.20728 
-13.94836 
-3.559465 
-12.77233 
-26.88226 
-7.010571 
-21.08282 
-18.38976 
-5.200705 
 5.78375 
 16.39904 
 2.168005 
-.225301 
 13.25072 
 22.69406 
 14.34269 
 9.153571 
 1.380496 
-8.258814 
 4.64442 
 5.838339 
 5.815399 
 9.021123 
-7.982105 
 .8957117 
-7.590127 
-22.28528 
-25.72264 
-2.850732 
-7.526572 
-.8345629 
-5.416662 
-9.174579 
-13.46783 
-20.82561 
-26.65046 
-23.33689 
-13.38843 
-19.3376 
-8.425284 
-2.778859 
 1.6666 
-14.04444 
-28.0521 
-34.5014 
-35.70315 
-30.95361 
-20.45217 
-23.10025 
-5.74825 
 10.67427 
 9.493578 
 2.814048 
-16.30955 
-22.23576 
-29.27906 
-17.25172 
 4.88427 
-2.410024 
-11.91242 
 4.261815 
-9.520685 
-5.44456 
-1.860488E-02 
 4.18402 
 10.34369 
 20.82093 
 1.581876 
-3.514905 
 9.071171 
-.8782772 
 5.351556 
 .6459739 
 12.45776 
 7.589687 
 17.74353 
 3.756963 
 10.66545 
 23.11842 
 7.876115 
 22.87433 
 35.2077 
 40.85145 
 32.17072 
 29.72246 
 21.21877 
 3.542997 
 7.448226 
 10.27523 
 20.95621 
 11.63096 
-7.833054 
-6.427764 
-20.80319 
-20.94236 
-17.62 
-20.67233 
 1.06514 
-16.11045 
-7.816753 
-1.429449 
 .2725374 
-16.98994 
-5.837298 
-10.6425 
 9.111931 
 .1312452 
-5.410061 
-10.82581 
-13.73907 
-20.17378 
-12.25632 
-1.637309 
-9.386007 
-4.918135 
-.780111 
 17.37453 
 29.62674 
 13.79479 
 21.03348 
 26.35278 
 17.01 
 17.36577 
 13.2157 
 9.982498 
-5.736395 
 12.20792 
-1.4708 
 1.491714 
 7.998674 
-7.834042 
-1.170713 
 8.20228 
 16.81649 
 10.58884 
-7.466871 
-6.372551 
-1.871299 
-17.22426 
-16.99383 
-26.74172 
-33.70055 
-32.71578 
-7.05179 
-.6496819 
-8.813759 
-10.34067 
-9.066166 
-22.79713 
-19.53112 
-16.97262 
 3.296551 
-5.037108 
-16.35522 
-12.74566 
-15.19376 
-11.27316 
-12.24904 
-18.24614 
-29.99071 
-18.22974 
-18.30832 
-12.46506 
 4.500269 
 1.159288 
 3.931229 
-1.289447 
-17.37035 
-28.09299 
-34.61095 
-39.49607 
-20.84155 
-23.7695 
-31.73676 
-41.37759 
-25.01531 
-5.908187 
-3.389341 
 8.090869 
 24.06261 
 19.71352 
-1.067105 
 2.927703 
-3.554627 
-10.98046 
-1.923945 
-4.571554 
-7.88532 
-16.89685 
 .4445506 
-11.59436 
-13.10563 
-6.055699 
-2.549618 
 6.447465 
-8.528622 
-13.62114 
-28.42244 
-11.90235 
 7.067364 
-1.328865 
-11.6212 
 7.201348 
-4.979094 
-7.488413 
-10.75446 
-14.68691 
 6.12417 
 8.410656 
 7.247295 
-7.941161 
 7.841308 
-10.29085 
 1.961772 
 10.12868 
-1.342585 
 14.51315 
 10.60583 
 15.98106 
 8.695807 
-3.426299 
 .7462294 
 2.786221 
 .8411694 
 5.994318 
 14.49754 
-4.465841 
-16.73867 
-27.64511 
-37.70736 
-27.39739 
-3.778114 
-12.08432 
-15.52395 
 2.149697 
 1.614458 
-8.778998 
 5.53904 
-10.83765 
-22.42972 
-.5623235 
 12.74334 
 21.82446 
 34.8991 
 17.52809 
 18.49043 
 18.96474 
 31.77002 
 21.98185 
 .210253 
 13.23217 
-1.31664 
-10.71724 
-4.446317 
-7.887058 
-5.131243 
 11.44333 
 11.05796 
 24.97893 
 29.22771 
 18.90379 
 23.32434 
 20.84628 
 13.8941 
-6.102801 
-22.09616 
-22.19505 
-19.75012 
-19.83826 
-10.44272 
-19.34138 
-17.69517 
-25.97787 
-3.102042 
-9.652633 
-23.99796 
-7.862276 
 2.382368 
-6.989753 
 4.663277 
 17.53089 
 31.39616 
 16.02642 
 10.1182 
 22.7036 
 33.4224 
 25.92743 
 33.4478 
 28.6253 
 18.88504 
 25.82074 
 28.49153 
 36.34952 
 15.5276 
 21.03369 
 22.66543 
 32.57143 
 37.5011 
 38.94349 
 39.90187 
 29.65409 
 31.03312 
 26.3695 
 7.902225 
-1.372657 
-2.258265 
 12.84681 
 23.86 
 14.3361 
 27.40236 
 21.67343 
 33.91005 
 24.56098 
 28.53143 
 15.15036 
-4.20888 
 10.09032 
 11.49562 
 21.98838 
 28.49435 
 31.70729 
 39.75208 
 14.33041 
 21.7763 
 7.3896 
-3.02221 
-18.77505 
-.0667486 
 18.70782 
 6.240478 
 5.476182 
-1.489819 
-11.81131 
-20.21 
-29.12874 
-18.67411 
-10.62863 
 5.058533 
-10.69629 
-19.97476 
-10.67964 
-9.13425 
-14.82565 
 .5101564 
-6.031708 
 12.2127 
 6.298939 
 14.996 
 22.94943 
 21.70358 
 11.22326 
 11.31404 
 14.6791 
 14.47865 
-4.981443 
 7.865105 
-9.28765 
-20.51844 
-22.65172 
-19.57134 
-17.58457 
-.4466025 
-15.92095 
 1.435083 
-7.636219 
-22.68501 
-7.699289 
-22.02086 
-30.79094 
-17.64464 
-21.5323 
-4.324216 
-13.25568 
-20.71474 
-15.9231 
-7.583862 
-1.661316 
-15.75502 
 3.395462 
-.8389624 
-6.570374 
-22.03994 
-3.198147 
-1.770634 
-4.851683 
 11.78181 
 .5895019 
 1.788738 
-15.10992 
-.7567379 
-.9194335 
 .8439883 
-3.823942 
-16.00031 
-4.183525 
-12.78572 
-20.77215 
-22.59461 
-20.04723 
-6.435414 
-18.35876 
-17.06247 
-1.146029 
 2.374305 
 11.52567 
 1.534352 
-15.00751 
-7.539826 
-5.171062 
 2.972912 
-2.838309 
 2.327847 
-10.35964 
 6.341297 
 .8728818 
 11.77021 
-2.801217 
-2.853536 
-19.03066 
-6.114059 
 8.428793 
-.5718315 
-3.872413 
-2.540711 
-19.91341 
-9.880516 
 10.37689 
-6.160893 
 4.587357 
-12.58453 
 6.583392 
 24.14307 
 25.84983 
 26.43185 
 8.491008 
-6.03617 
 12.0733 
 17.31889 
 27.3802 
 7.680737 
-7.730465 
-14.66396 
-28.27257 
-28.38736 
-6.888747 
-13.89553 
-3.866742 
 9.432064 
-7.472851 
 5.004263 
 15.8134 
 1.562642 
-13.93553 
-6.620572 
-20.00738 
-11.36758 
-9.631118 
 8.753979 
-3.848815 
-11.05152 
-4.788979 
-12.54649 
-16.76518 
-27.74167 
-39.69233 
-14.07533 
-1.134546 
-3.309001 
-4.384215 
-4.934371 
 9.146431 
 4.290553 
 10.45475 
 3.726922 
-1.59714 
-10.93366 
-18.56351 
-30.02517 
-12.72071 
 2.831357 
-3.530592 
-6.137262 
 13.16084 
 18.0719 
 13.44656 
 22.12989 
 11.47261 
-4.351965 
 10.97535 
 9.635845 
 17.75026 
 18.07559 
 8.140324 
 22.68875 
 13.37127 
 2.624373 
-8.548087 
 3.198019 
 17.45247 
-.2344088 
 13.66742 
 15.5837 
 26.11289 
 29.70706 
 16.49531 
 13.46908 
 22.18324 
 4.81965 
 13.68099 
 8.439893 
 7.854119 
-9.538752 
-24.0669 
-6.527163 
 13.56028 
-6.503557 
-.3422506 
 16.65151 
-.4726614 
-5.433184 
-4.469725 
 11.30154 
-2.760952 
 9.021765 
 13.02862 
-8.692542E-02 
-17.14893 
 1.350145 
 1.660441 
 7.351674 
-10.02671 
-26.14298 
-3.845526 
-12.41287 
 4.28049 
 1.944763 
-10.832 
-16.56893 
-3.661159 
 10.68276 
-.2997524 
-6.43997 
 8.295061 
 20.06799 
 12.5972 
 12.6596 
-1.570486 
 14.47427 
 3.099141 
-15.73925 
-19.13287 
-10.85566 
-12.28077 
-4.354646 
 5.752266 
 12.35787 
-1.94162 
-18.28806 
-23.74285 
-29.13541 
-5.039014 
-14.60544 
-6.157794 
 10.48997 
 .2236386 
-9.349649 
 2.382545 
 11.81609 
 5.268284 
-8.921832 
-4.755613 
-17.12941 
-21.89262 
-3.796304 
 4.029909 
 1.911444 
 3.609431 
-6.968093 
-23.39471 
-27.33399 
-4.366867 
-18.57222 
-2.181772 
-16.26259 
-5.162716 
-11.88854 
 5.543153 
-11.3412 
-5.968242 
-4.262801 
 10.4406 
 6.516821 
 16.68795 
 25.03383 
 3.731481 
 4.872749 
 4.29753 
 14.00812 
 8.618231 
 23.68227 
 5.710012 
 9.828859 
 14.88767 
 20.12576 
 15.4487 
 29.40848 
 35.97483 
 15.76547 
 17.19837 
 5.332607 
 17.23588 
 22.36746 
 13.43735 
-4.767314 
 6.943955E-02 
-13.775 
-4.711061 
-10.01082 
-22.95943 
-13.19713 
-7.80776 
-2.970516 
 10.20267 
 23.99321 
 8.161041 
-7.395224 
 1.747221 
 13.25378 
 4.01919 
 15.30222 
 22.3421 
 12.99077 
 12.55848 
 4.998559 
 4.395127 
 2.554758 
 5.116745 
 14.07133 
 4.791205 
-5.431411 
 8.867696 
-1.279888 
-13.91431 
-23.42026 
-27.52786 
-32.85694 
-24.40579 
-1.493998 
-4.25416 
-11.09321 
-2.598381 
-11.42407 
-2.163478 
-7.495233 
-22.4858 
-1.565044 
-8.490092 
-.6134291 
 17.98151 
 9.986079 
 2.172971 
-.1524141 
 7.895084 
-2.472604 
 11.21785 
 19.4638 
 13.79251 
-3.427631 
-14.20413 
-20.3347 
 2.462611 
-14.75002 
-18.47315 
-6.46539 
-12.19522 
-16.37339 
-25.47952 
-26.27811 
-20.8867 
-.3164679 
-16.34814 
-3.850725 
-17.93357 
-9.686594 
-.1931123 
 10.25408 
 4.634445 
 12.61575 
-1.9237 
 13.79004 
 4.904351 
-12.40719 
-17.39008 
-7.801856 
-17.82338 
-.3356085 
-11.78974 
-12.03054 
 6.371015 
 4.380715 
 20.85508 
 14.03441 
 19.96723 
 23.30436 
 7.205785 
-7.29983 
-5.322148E-02 
 18.14041 
 24.55972 
 21.3203 
 11.82984 
 .5982715 
 9.807844 
-1.468924 
 5.650005 
 8.72643 
-4.630524 
 12.62968 
 22.01551 
 22.90456 
 1.690967 
-.8147572 
-15.05284 
-6.101273 
 6.041952 
 3.462938 
-15.50218 
-11.48006 
-4.337079 
 10.21198 
 1.539021 
-7.370225 
-1.82707 
-5.980098 
-3.127973 
 2.723515 
 7.963029 
-6.462694 
 1.270985 
 17.58067 
 23.92802 
 34.51249 
 13.94004 
 2.495045 
 9.944557 
-.8439653 
 15.42877 
 29.04114 
 35.35245 
 41.80517 
 20.82834 
 30.63798 
 10.03853 
 17.57397 
 22.41507 
 33.19102 
 24.32673 
 33.07485 
 13.74101 
 9.622734 
 2.953473 
 5.754146 
-12.23685 
-15.59347 
-3.525014 
-17.51277 
-23.60176 
-33.9596 
-14.09164 
-20.7565 
-6.390078 
 12.99348 
 21.35862 
 15.63455 
 18.16542 
 5.900364 
-11.22497 
-14.91504 
-20.70374 
-18.1906 
-19.89717 
-10.16028 
-9.994598 
 4.645748 
 2.790115 
-3.326932E-02 
 4.270911 
 9.697307 
 25.70839 
 3.386563 
 3.341089 
-13.46968 
-6.840235 
-16.78011 
-13.41607 
-11.93588 
 8.726248 
 11.04998 
 17.43555 
 5.66555 
 18.33245 
 27.28824 
 14.77966 
 24.01725 
 19.32455 
 4.022377 
 16.63584 
 12.98384 
 27.39747 
 4.419649 
 19.57184 
 28.53944 
 14.35256 
-.3867595 
-2.758965 
 4.801044 
-3.87399 
 13.60878 
-.3503523 
 4.665393 
-12.52196 
 3.419796 
-12.79443 
-11.04327 
-9.256639 
-21.22394 
-31.35025 
-29.20774 
-38.39183 
-12.90426 
 9.074207 
 10.15448 
-10.62563 
-4.773576 
 5.78428 
 .7757429 
 2.723654 
-10.09075 
-2.092606 
-11.6504 
-5.934188 
 8.599439 
 8.936735 
 23.65115 
 13.99549 
 14.74166 
-1.83822 
 6.697094 
 13.55101 
 24.24462 
 30.50933 
 29.46045 
 14.12339 
 8.518095 
 9.860308 
-7.742658 
-20.46406 
 .4567633 
-7.583226 
 7.47906 
 9.152726 
-4.096483 
 9.596418 
-2.429479 
-9.41989 
-23.85356 
-20.59507 
-21.63012 
-12.18539 
-13.65473 
 5.207188 
 13.11452 
-5.810419 
-11.15289 
-12.81858 
-7.147615 
-14.38018 
 4.465818 
 1.153617 
-7.342217 
 9.536713 
 15.51715 
 27.77455 
 20.96397 
 9.095502 
 17.49919 
-1.919605 
-16.85277 
-5.848761 
-13.99568 
-15.95103 
-2.38799 
-11.59367 
-15.32071 
-19.90497 
-15.92728 
 4.938604 
 10.52452 
 20.05073 
 14.43056 
 4.439567 
 16.40192 
 16.57529 
 6.461624 
 6.459789 
-12.1688 
 3.764999 
 1.759108 
 3.575605 
-9.523295 
-19.13892 
-11.16785 
-23.80232 
-.8541775 
 16.28336 
 27.03516 
 33.63391 
 42.16533 
 28.24148 
 33.39665 
 21.70008 
 14.48848 
 23.47795 
 30.2145 
 28.04224 
 18.11204 
 .3143825 
 5.914627 
-8.362649 
-25.01256 
-26.67277 
-16.97865 
-18.0797 
-7.477931 
-3.605942 
-10.52143 
-18.83649 
-16.92758 
-15.10145 
-16.26654 
 5.0776 
-1.162904 
-6.513041 
 12.01704 
 2.630392 
-7.17224 
-15.49874 
-5.983458 
-3.246816 
 13.31236 
 9.008869 
 9.502404 
 .5832393 
-11.60821 
-24.26423 
-7.469707 
-6.082654 
-6.528455 
-10.67491 
-24.81076 
-2.582193 
 2.347372 
-6.424185 
-6.527365 
-11.00921 
 3.811909 
 11.07856 
 22.59288 
 6.934857 
-9.626806 
-8.967245 
-20.25399 
-28.31093 
-21.84458 
-4.112666 
 4.028419 
 13.09532 
-6.16116 
-15.47054 
-8.558271 
 11.6665 
 19.88439 
 3.513269 
 5.687142 
 10.33631 
 23.76168 
 18.99791 
 15.18012 
 7.492593 
 5.112714 
 15.45566 
 27.0303 
 25.44519 
 36.11466 
 15.25139 
 25.06926 
 35.97184 
 23.67214 
 34.88429 
 23.74854 
 24.53667 
 21.66632 
 12.25502 
 8.848556 
 15.73059 
 18.71324 
 15.26968 
-6.531607 
-.3367627 
 14.43513 
 5.516624 
 2.155829 
 16.34628 
 13.996 
 9.215297 
-4.473699 
-1.53342 
-10.47845 
-7.85673 
 3.078541 
-13.4912 
-9.118731 
-8.571623 
-5.979902 
-13.44104 
-5.26951 
-9.856282 
-2.789507 
 10.22879 
 2.217431 
-7.570026 
-19.87613 
-4.296098 
-7.703857 
-3.298296 
-11.35145 
-12.74121 
 4.424077 
-2.211899 
-12.1781 
-24.94925 
-26.59533 
-4.041686 
-19.20262 
 9.360947E-02 
-10.27822 
-18.63386 
-10.34826 
-18.75517 
-10.04575 
-7.12397 
-14.74264 
-25.74148 
-13.52747 
-22.4819 
-29.84269 
-40.43413 
-43.0599 
-42.91275 
-33.24566 
-19.4504 
-6.179087 
-5.779727 
-11.02318 
-.385423 
 18.10105 
 13.24452 
-1.604026 
 8.341541 
-4.657065 
-16.63987 
-8.495674 
-15.94767 
-.4779468 
-.5741337 
-15.05669 
-4.197765 
 9.090598 
 2.043792 
-11.04116 
-1.80694 
 4.29904 
 17.75362 
 25.37254 
 9.581729 
 21.0464 
 28.76881 
 9.019557 
-9.057531 
-22.5654 
-26.75925 
-30.36695 
-38.81376 
-26.3525 
-19.62993 
-22.39001 
-13.54144 
-27.78307 
-23.63483 
-33.04292 
-24.26237 
-15.26394 
 3.605557 
 2.747708 
-7.661257 
 11.81522 
 3.771075 
 .6080043 
 15.93053 
 10.6725 
 17.5456 
 7.249126E-03 
-10.4233 
 2.896271 
-12.34767 
-20.10273 
-31.94444 
-34.39793 
-30.1341 
-15.31659 
-7.867624 
 8.453702 
 17.46284 
 18.14213 
 22.36868 
 34.49326 
 18.40603 
 6.454611 
 8.140106 
 22.95308 
 34.45918 
 34.47083 
 20.34393 
 1.085764 
 .6179019 
-14.2418 
-19.25749 
-20.4917 
-.3267973 
 13.5675 
 .1823212 
-15.95661 
-17.55277 
-3.549607 
 14.69439 
 17.12453 
 12.04246 
 .4607161 
-9.609802 
 .7488326 
 10.11942 
-4.336529 
 3.447683 
-9.719924 
-16.36534 
-13.29323 
-16.9591 
 .8909274 
 7.89757 
 11.66163 
 21.686 
 10.80076 
 2.142864 
 14.62537 
 23.85264 
 30.31149 
 35.90668 
 35.31943 
 27.12797 
 16.37435 
 17.50694 
-.8187452 
-11.05298 
 1.274503 
-14.2126 
-15.95624 
-29.07788 
-15.36139 
-11.63176 
-.90225 
-2.325031 
-5.458209 
 6.344217 
 15.38178 
 14.76275 
 6.431049 
-10.37385 
-6.132132 
-6.558797 
-9.970275 
-2.799912 
 1.957971 
 2.728547 
 9.063267 
-8.701993 
-14.27753 
-4.702857 
 5.265599 
 16.37107 
 17.89501 
-2.27213 
 3.553079 
 18.11858 
 31.46036 
 29.41803 
 23.86268 
 27.49069 
 11.80686 
 12.49448 
 9.827248 
 8.027304 
 1.14364 
-5.320964 
-11.5064 
-10.9736 
 4.018544 
-1.259411 
-16.11451 
-7.244097 
 .7017561 
 11.15164 
 6.657469 
-11.76928 
-11.71299 
 1.879282 
 4.308513 
 3.46753 
 15.01223 
 12.62502 
 22.84467 
 13.17605 
-3.004481 
-16.65586 
-5.129423 
-16.83029 
-23.08816 
-32.79302 
-27.834 
-26.06325 
-15.17899 
 1.249911 
 4.033377 
 19.95848 
 33.07931 
 27.65941 
 18.5663 
 17.5799 
 18.09405 
 3.96998 
 15.33272 
 7.803689 
 7.215492 
-12.4216 
-23.00468 
-6.222562 
-5.470538 
 6.200064 
 4.098569 
-12.55192 
-19.91247 
-32.47081 
-33.59907 
-30.23261 
-21.75966 
-4.561319 
-18.93121 
-8.109611 
 .916783 
-8.496743 
-8.239543 
 3.789883 
 15.52853 
 26.50451 
 18.75896 
 4.977062 
-2.358502 
 7.942218 
 19.74733 
 3.614816 
-.9939843 
-7.526168 
-17.89831 
-8.457719 
-24.09355 
-9.813569 
-6.194492 
 8.084423 
 21.97568 
 23.62038 
 34.41226 
 15.0853 
 2.400803 
 14.63828 
 28.86255 
 31.40473 
 8.004403 
-.7236214 
-10.10074 
-24.8687 
-34.07948 
-16.99218 
-5.693699 
 10.80351 
-4.803202 
 10.47272 
 14.79436 
 21.57512 
 7.400231 
 9.712033 
 10.91351 
-7.365145 
-6.323521 
 5.96911 
 8.20284 
 20.58624 
 27.66366 
 28.25459 
 24.41037 
 2.520245 
-12.67047 
-5.687909 
-2.422063 
-11.5736 
-.7070093 
 5.863478 
 22.3117 
 13.36996 
-7.892486 
 4.602396 
 14.30712 
 12.56246 
 .537206 
-8.152632 
-21.06219 
-10.31364 
 3.670063 
-12.76079 
-1.415412 
 15.90672 
 11.37296 
 18.87411 
 20.50044 
 4.209268 
-10.11709 
 3.023685 
 7.65602 
 6.251406 
 14.32189 
 10.14698 
 2.578779 
-3.8554 
-9.167783 
 2.420488 
 11.69153 
 13.719 
 6.887438 
-9.742253 
-13.01083 
-20.5268 
-9.143595 
-9.793878 
-18.45069 
-10.43118 
 8.469166 
 6.114834 
 13.67291 
 27.40101 
 7.790122 
 4.680533 
-5.935261 
-16.73696 
-2.949932 
 13.46929 
-3.689024 
-5.994058 
 1.055372 
 1.803619 
 13.14861 
 24.99956 
 24.26529 
 27.30942 
 35.74274 
 31.97211 
 36.72831 
 19.88522 
 1.426162 
 10.60847 
-7.25618 
 5.41251 
-8.668628 
-21.236 
-22.29247 
-24.97239 
-35.38901 
-21.29635 
 .1737141 
 18.76917 
 21.52121 
 23.03378 
 13.50723 
 4.84971 
 9.031425 
 20.05125 
 32.90462 
 31.00163 
 39.80124 
 39.16647 
 22.2054 
 1.281525 
 8.149231 
 5.953572 
-6.458195 
-17.14405 
-23.12295 
-7.548376 
 10.5441 
 .9614426 
-10.19643 
-23.40975 
-18.90564 
-14.67243 
-17.8938 
-31.5023 
-32.86827 
-22.13444 
-3.400666 
-16.11959 
-30.71586 
-24.12058 
-2.817695 
 8.037456 
 19.72974 
 27.18595 
 21.9156 
 12.55449 
 21.00996 
 22.30482 
 7.220943 
 21.9591 
 11.63237 
 14.33327 
 22.78674 
 22.88493 
 8.093344 
 2.641426 
-2.483144 
 6.765535 
 19.27403 
 32.95196 
 26.51482 
 36.58695 
 26.90116 
 29.27278 
 38.96635 
 41.81226 
 41.53302 
 30.76559 
 10.5145 
 2.091898 
 18.7976 
 20.44146 
 15.02808 
-3.961472 
 9.073626 
-8.856555 
-11.17532 
-19.15969 
-28.92852 
-18.97852 
 3.30155 
-12.91402 
-26.17631 
-23.94155 
-11.66132 
 2.507491 
 4.060886 
-10.70309 
-13.62603 
-14.00852 
 6.043078 
 5.988823 
 7.681234 
 17.08975 
 22.99806 
 9.396048 
-9.269004 
-10.50484 
-23.09701 
-32.36995 
-26.43367 
-9.345844 
-3.822217 
-18.29717 
-17.91094 
-11.39915 
-4.452732 
-15.21235 
-1.464393 
 6.518951 
 9.825545 
-6.542073 
-15.93252 
 2.286788 
 13.44237 
 9.48419 
 18.46043 
 9.558445 
 21.35334 
 33.57852 
 16.73018 
 18.33051 
 13.011 
-7.256219 
 10.14385 
-8.13237 
-18.59184 
-6.949421 
 2.395604 
 10.75692 
 8.999069 
 11.84502 
 2.432157 
 13.55179 
 15.02078 
 10.35096 
 16.40212 
-1.630858 
-4.41624 
-8.255833 
-15.60273 
-20.73817 
-28.84002 
-8.609795 
 12.22142 
 6.785913 
 14.56349 
-6.268734 
 4.187277 
 12.5126 
-5.838593 
-2.745464 
-18.98478 
-16.53751 
-6.043215 
 2.641549 
-11.36563 
-25.77316 
-20.3827 
-7.622426 
 8.042585 
 12.79506 
 4.273865 
-6.870658 
-14.69484 
 2.688303 
 16.13549 
 11.47432 
 8.047535 
 10.13558 
 11.46213 
 18.86049 
 6.864841 
-1.728804 
-3.379469 
-1.24069 
-7.1442 
-5.825408 
-12.1202 
-20.63326 
-31.6875 
-30.89086 
-10.88439 
-3.318076 
 6.773045 
 11.58401 
 22.16719 
 22.50004 
 22.8451 
 8.579734 
 5.376804 
 20.07166 
 20.34778 
 1.936609 
 14.03247 
-5.29959 
 5.987066 
 .1275357 
-14.33547 
-3.177732 
 5.518754 
 22.65345 
 13.76304 
 12.30873 
 7.256104 
-2.734096 
-9.059025 
 1.916835 
-7.113618 
-22.08202 
-13.04167 
-21.62539 
-26.18018 
-18.84832 
-32.01713 
-15.79873 
-12.96326 
-20.60377 
-22.6512 
-33.57571 
-41.65861 
-48.16194 
-21.5437 
-32.03498 
-8.04124 
-22.95477 
-24.40286 
-29.08894 
-23.00134 
-11.64588 
-21.89859 
-2.473774 
-4.729491 
-16.11734 
-28.05687 
-7.716706 
-14.18002 
-10.19978 
-6.544136 
-17.14353 
-2.867426 
 16.5299 
-3.017557 
-18.51159 
-2.625339 
 8.775362 
 1.134495 
 5.617763 
-7.758516 
 11.08476 
 3.029956 
-13.48086 
 3.805371 
 17.14525 
 17.3806 
 20.03296 
 32.41028 
 15.73216 
-5.003802 
 10.72104 
 21.76209 
 5.562112 
 11.37706 
 15.1743 
 16.22026 
-4.997561 
 12.28305 
 24.92411 
 9.800068 
 6.489318 
 18.61738 
 13.03989 
 27.70679 
 11.9291 
 21.88258 
 2.95313 
-3.903689 
-5.044814 
 .51763 
 16.55662 
 28.04868 
 36.14478 
 15.2966 
 24.28165 
 25.77156 
 4.672519 
-4.246045 
-2.214512 
 3.376563 
 10.2997 
 .4796436 
-7.444836 
-9.130972 
-12.37401 
-4.559619 
 2.5812 
-1.667863 
-2.638833 
-8.818768 
 2.460064 
 18.20046 
 16.89706 
-.9462434 
-10.25865 
 5.821248 
 10.90754 
 2.942288 
-2.235424 
-7.553901 
 10.68038 
 13.50081 
 2.551943 
 9.344273 
 20.54057 
 1.420279 
 3.350783 
 18.71409 
 1.098947 
 11.18677 
-1.112799 
 16.63745 
 6.948732 
-1.310098 
-.5474438 
 7.489649 
 8.22508 
 12.71222 
 11.2057 
 17.61386 
 10.82967 
 4.82723 
 7.921035 
 20.03806 
 3.556873 
-13.70714 
-20.31454 
-16.26192 
-23.65585 
-8.430467 
-20.88724 
-22.62719 
-9.599092 
-19.82847 
-20.91212 
-11.41887 
 1.510873 
-1.205539 
-5.580102 
-15.44053 
-16.67149 
 1.437985 
-1.287384 
-16.2619 
 4.692904 
 3.057986 
 10.59346 
 .338218 
-10.56298 
-4.040177 
 14.11565 
 19.54551 
 24.98725 
 20.77089 
 20.72313 
 19.36138 
 21.54169 
 16.07913 
-3.774477 
 8.395812 
 15.20955 
 9.099973 
 1.447913 
 14.05063 
-2.391773 
 14.00948 
 22.51291 
 23.47569 
 19.54285 
 12.08624 
 5.882952 
-13.66612 
-19.69092 
-21.13107 
-6.146111 
 12.23181 
 14.18933 
 27.12127 
 6.5505 
 9.376693 
 15.87939 
 3.188996 
 5.088923 
-1.776256 
-3.598968 
 14.92901 
 29.43375 
 27.1891 
 21.88221 
 3.876155 
-2.237013 
 14.87438 
 .2475704 
 2.447598 
-3.122269 
-4.363353 
 9.686075E-03 
 12.58032 
 1.850023 
 14.20187 
-3.67555 
-8.023372 
 6.200222 
 19.22495 
 3.608272 
 17.25021 
 0 
 0 
 6.025947 
