 .4300567 
 1.173824 
-8.817384E-02 
 .1716214 
 8.226921E-02 
-.4837674 
-.135375 
 .2799271 
-.3843241 
-.9984545 
-6.498477E-02 
 .8446819 
 1.086013 
 2.436527 
 3.563276 
 2.763106 
 3.282154 
 4.59387 
 3.831285 
 3.888211 
 2.747382 
 4.118752 
 4.57134 
 3.169845 
 3.349007 
 2.195826 
 1.06238 
 1.888864 
 1.266616 
-1.829898E-02 
-.5900402 
-.9146181 
-1.462929 
-.1922561 
 1.153373 
 .8657596 
 .2362778 
-.7169689 
-1.654112 
-1.227229 
-1.466911 
-1.696677 
-1.084143 
-1.560105 
-1.171701 
-1.979053 
-2.838753 
-2.577206 
-3.725866 
-3.806674 
-2.632769 
-3.274971 
-2.443831 
-2.758759 
-3.320471 
-2.113162 
-1.723305 
-1.348791 
-1.535789 
-2.646426 
-2.449286 
-1.880395 
-.7031927 
 .2413993 
-1.097831 
-.9655333 
 .2094615 
 1.208935E-02 
 .5102985 
 .512118 
 .5455184 
 .4364457 
 2.178587E-02 
-.2449345 
-.8873583 
-2.123099 
-2.81942 
-1.449884 
-2.665149 
-2.945992 
-3.294894 
-3.29057 
-4.222279 
-4.251999 
-4.889654 
-4.480681 
-4.318504 
-5.238245 
-3.95827 
-3.486415 
-3.434849 
-3.707567 
-4.770373 
-3.927835 
-4.001968 
-3.251911 
-2.950608 
-1.989609 
-3.31759 
-4.095833 
-5.248391 
-6.301326 
-6.710264 
-7.684883 
-9.008331 
-8.816101 
-8.288993 
-8.083666 
-7.086738 
-8.187448 
-8.969131 
-8.379295 
-8.424569 
-8.741553 
-9.635204 
-8.967412 
-7.677844 
-7.517218 
-8.591968 
-7.785148 
-7.982951 
-8.010679 
-7.953305 
-8.693327 
-9.084065 
-10.12709 
-9.775369 
-10.60308 
-9.300589 
-10.33447 
-10.38936 
-10.92234 
-9.770905 
-8.972133 
-9.519157 
-8.938624 
-9.531665 
-10.58576 
-11.79448 
-12.17417 
-11.24115 
-11.69762 
-12.32312 
-12.25579 
-12.82166 
-13.14108 
-14.28535 
-14.19312 
-14.87587 
-13.70773 
-13.32382 
-12.47805 
-11.15625 
-11.51901 
-11.28471 
-12.34722 
-11.84867 
-11.9833 
-10.57527 
-11.54978 
-10.2496 
-9.811485 
-10.14077 
-11.02263 
-10.96956 
-11.64673 
-10.14876 
-11.08325 
-12.29284 
-12.60409 
-12.34581 
-11.03912 
-10.82272 
-10.97762 
-9.8965 
-8.884945 
-8.314105 
-7.610387 
-6.143867 
-6.531647 
-6.480387 
-6.659952 
-6.04714 
-6.885953 
-7.033637 
-6.843083 
-5.894137 
-5.721204 
-5.867496 
-5.784008 
-6.489067 
-6.091043 
-6.059214 
-5.492851 
-4.355823 
-4.675308 
-5.182108 
-5.71086 
-6.633594 
-6.484403 
-7.195185 
-6.887228 
-7.201411 
-6.077222 
-6.078621 
-6.884794 
-6.301175 
-5.545918 
-5.171942 
-4.330627 
-5.235011 
-4.321265 
-5.111275 
-3.78154 
-4.9599 
-6.138715 
-5.256859 
-5.541968 
-5.589077 
-6.599178 
-7.610686 
-8.448905 
-9.630711 
-8.933781 
-8.752851 
-8.495337 
-9.204491 
-9.202955 
-8.42194 
-7.631977 
-7.839445 
-6.63298 
-5.878384 
-6.972389 
-6.5265 
-5.865313 
-7.163534 
-7.285433 
-7.48779 
-8.042921 
-6.604036 
-5.691277 
-5.085762 
-5.266165 
-4.557359 
-5.136259 
-5.487024 
-5.619045 
-4.317304 
-5.334379 
-4.872838 
-5.250724 
-6.306494 
-7.125059 
-8.237175 
-8.343921 
-6.975155 
-6.788394 
-6.73693 
-5.345721 
-6.083073 
-6.361721 
-6.590413 
-7.137044 
-7.05694 
-7.998772 
-7.871252 
-6.490102 
-6.264816 
-5.056844 
-4.566391 
-4.686083 
-4.09922 
-5.278243 
-4.508816 
-3.902649 
-3.872212 
-4.798799 
-5.524938 
-5.957106 
-5.101436 
-6.310381 
-6.19745 
-5.416298 
-4.520669 
-4.965408 
-3.592404 
-2.704759 
-2.188392 
-1.032192 
 .03037 
-.2033505 
-1.256865 
 2.741396E-02 
 .8597007 
 1.40087 
 1.111451 
-.2541243 
-1.182013 
-2.110596 
-2.062479 
-2.305122 
-3.385291 
-3.978723 
-3.538738 
-2.526074 
-2.50675 
-3.356292 
-2.212368 
-2.546637 
-3.015543 
-2.22724 
-2.994907 
-3.113695 
-3.822101 
-2.724621 
-2.388386 
-2.716382 
-2.998928 
-1.959434 
-1.699371 
-.4739964 
-.4211573 
-.8922169 
 .148443 
-.5277578 
-1.195918 
-2.083872 
-2.491824 
-3.860347 
-3.143465 
-2.157714 
-2.756394 
-2.1607 
-2.405727 
-1.509376 
-.8173435 
-.9838184 
-2.15591 
-2.384834 
-2.811039 
-2.193566 
-2.69752 
-1.83412 
-2.79119 
-2.50314 
-1.2007 
-1.908107 
-.6571093 
-1.730634 
-.3573856 
 1.854135E-02 
 .2951975 
 1.41964 
 1.615238 
 .8856244 
 1.885463 
 .6764762 
 .4984665 
 1.221582 
 .4972806 
 .1524031 
-.1368673 
-6.109608E-02 
-.7035825 
-.4692881 
-1.277607 
-2.444751 
-1.313129 
-2.38828 
-1.937914 
-.7976227 
-1.541368 
-.2661816 
 .705925 
 .5343163 
 .5066401 
 1.256357 
 2.181761 
 1.831303 
 .9605406 
 .464197 
 .216617 
-.7581795 
-.4150939 
-1.532806 
-2.343622 
-1.781287 
-1.751163 
-2.621346 
-1.219257 
-1.287301 
-2.663511 
-2.844792 
-3.408307 
-2.667336 
-1.545178 
-.6283354 
-1.526968 
-2.607414 
-3.952984 
-4.889353 
-5.184254 
-6.006288 
-4.60393 
-3.516258 
-3.253202 
-2.578545 
-3.547163 
-4.190333 
-5.469953 
-4.49754 
-3.659442 
-2.807852 
-3.248586 
-3.353804 
-3.166258 
-2.285456 
-2.083631 
-2.893095 
-3.683312 
-4.025774 
-3.78003 
-4.178963 
-4.058532 
-4.227022 
-3.980702 
-5.201354 
-5.016555 
-5.788851 
-4.435841 
-3.179192 
-1.768304 
-.7998114 
-1.045826 
-.1805706 
 1.191823 
 .5035586 
-.4130094 
 .1360631 
-1.21792 
-1.656475 
-1.100859 
-2.181041 
-3.252344 
-3.806614 
-4.052108 
-3.846701 
-4.33803 
-4.867539 
-3.956981 
-4.450954 
-4.754653 
-4.984717 
-3.979222 
-4.19299 
-3.522616 
-3.043134 
-3.275175 
-1.981631 
-1.554351 
-1.493907 
-2.253928 
-1.999854 
-1.284057 
-1.393245 
-.2470332 
-.8522378 
-.3746215 
 .721609 
 .1022399 
-.2682712 
-1.626001 
-2.184944 
-.8077772 
-6.807677E-02 
 .1590911 
 .4534462 
-.2006188 
-.1757626 
 .6481724 
 1.642658 
 .4870488 
 .5994899 
 .3565724 
-.8416995 
-.9695316 
-.4029549 
-.4010459 
-.6576989 
 .5952035 
 1.946534 
 2.183339 
 2.251306 
 2.551265 
 1.375461 
 .478099 
-.1327591 
-1.478983 
-2.437207 
-2.636798 
-2.475084 
-2.286908 
-1.477328 
-2.742641 
-2.97944 
-4.184951 
-4.670452 
-4.335643 
-4.243168 
-3.93109 
-4.369289 
-3.179821 
-2.392022 
-2.155859 
-2.326063 
-1.651865 
-2.579415 
-3.787135 
-4.468477 
-3.700117 
-2.399798 
-2.809165 
-2.265368 
-1.426717 
-2.713555 
-1.862878 
-1.890673 
-2.693882 
-2.381275 
-1.212664 
 4.631593E-02 
 .4754346 
-.8886489 
-.4263942 
 .8792093 
-.5033315 
 .7719192 
-.4297281 
-1.004322 
-.7633867 
 .1063846 
-1.181995 
-2.417464 
-2.213443 
-2.71013 
-2.928741 
-2.871606 
-2.189246 
-2.304792 
-2.779333 
-3.944493 
-4.160947 
-3.915448 
-3.138994 
-2.882797 
-2.428909 
-1.5432 
-1.760695 
-.9115013 
-.2835721 
 .2607072 
 .9045576 
 .0339311 
 .7999198 
-.4125991 
-1.114026 
 .1583524 
 1.052593 
 .2565671 
-.630279 
-1.360773 
-.1558585 
-.8334064 
-1.508707 
-.8931166 
-.4225636 
 .3458089 
 1.067263 
 .5203183 
 1.424141 
 2.022753 
 3.11161 
 2.303775 
 1.877891 
 2.008566 
 1.584236 
 .7404808 
 .9542671 
 1.308838 
 .2861536 
-.9461318 
-.5609726 
 .3926874 
 .7834436 
 .5654566 
-.3163726 
-.3258936 
 1.0023 
 1.746726 
 1.395039 
 1.338123 
 1.456526 
 1.929237 
 .6168774 
 1.024659 
 2.133257 
 1.665156 
 .5767882 
 .3625416 
 1.119537 
 .7110844 
 .4575971 
 1.146376 
 .9574318 
 1.563578 
 1.566976 
 .6372446 
 9.40148E-03 
-1.146545 
 .2060175 
-.4020779 
-6.736568E-02 
-.6082181 
 .3844199 
-.1263533 
 .7021352 
-.2166427 
-.7744918 
-1.963378 
-1.962538 
-2.075208 
-1.780793 
-3.07862 
-3.557127 
-4.54228 
-4.981895 
-4.204431 
-3.806313 
-2.470336 
-1.528258 
-1.361862 
-1.049134 
-1.906279 
-.7616453 
-1.262131 
-.9682269 
-.686268 
 6.833881E-02 
 .6695489 
 1.186904 
 1.904641 
 1.208235 
 1.335537 
 1.347844 
 1.517148 
 .8905424 
 .6460203 
 .2209787 
 1.54048 
 1.577511 
 1.793842 
 1.678072 
 .3509668 
 5.119775E-03 
-1.009558 
-.5677992 
-1.533275 
-2.363819 
-2.68935 
-3.795255 
-3.434548 
-2.833719 
-2.974875 
-3.166999 
-3.594789 
-2.996777 
-3.77057 
-5.010418 
-3.879662 
-5.120487 
-5.185437 
-4.464842 
-3.705798 
-2.765751 
-3.551401 
-3.603791 
-2.537543 
-1.592923 
-1.828063 
-1.914979 
-2.319247 
-2.998434 
-2.108901 
-1.96393 
-1.837367 
-1.464406 
-2.603319 
-1.986495 
-2.644571 
-3.857382 
-4.448692 
-3.11477 
-3.568455 
-3.119507 
-3.470971 
-3.80092 
-4.248196 
-5.004928 
-5.760969 
-5.919089 
-5.53144 
-6.200636 
-5.618023 
-5.310558 
-4.970061 
-6.100523 
-7.315245 
-8.213978 
-8.843327 
-9.039296 
-8.714767 
-9.223212 
-8.189901 
-6.994011 
-6.850224 
-7.097345 
-8.419683 
-9.03399 
-9.88874 
-9.384398 
-7.944068 
-8.39214 
-9.035204 
-7.885524 
-8.844609 
-8.561581 
-8.177341 
-7.787779 
-7.167765 
-6.116585 
-7.183037 
-7.407514 
-6.430176 
-7.015839 
-6.446685 
-6.673545 
-5.671019 
-5.802983 
-4.804698 
-5.544645 
-4.842468 
-3.676872 
-4.431147 
-3.037073 
-1.702775 
-.6459519 
-.5756944 
-.1473313 
-.2671841 
-1.226346 
-.8135615 
-.4900202 
 .506088 
 .1294056 
-1.12336 
-1.095951 
-2.332363 
-2.659461 
-2.76968 
-3.307953 
-1.963599 
-3.308316 
-2.855447 
-2.507886 
-2.389961 
-3.68417 
-3.040315 
-3.530982 
-2.148278 
-2.712151 
-3.063912 
-3.532848 
-3.906768 
-4.608441 
-4.302816 
-3.693716 
-4.306362 
-4.052717 
-3.79737 
-2.385505 
-1.153786 
-1.842543 
-.9560038 
-.1907674 
-.4473721 
-7.910054E-02 
-9.597965E-02 
-9.918412E-02 
-1.125523 
 .2001737 
-.7046064 
-.4468373 
 6.606373E-02 
-1.027978 
-.5950315 
 .077707 
 .8612122 
 .6609749 
-.5140893 
-.5098324 
-.2956908 
-1.525853 
-1.755948 
-2.807626 
-3.771102 
-4.253002 
-2.836635 
-2.516402 
-3.121683 
-3.325169 
-3.376224 
-4.565994 
-4.638071 
-4.76748 
-3.473892 
-4.075065 
-4.948829 
-4.882767 
-5.272126 
-5.183674 
-5.422171 
-6.042182 
-7.194012 
-6.727576 
-7.03971 
-6.840236 
-5.70373 
-5.862823 
-5.540147 
-5.819101 
-7.001447 
-8.025865 
-8.938172 
-9.843958 
-9.018021 
-9.587852 
-10.50526 
-11.68321 
-11.02823 
-9.954323 
-9.807174 
-8.868643 
-7.426735 
-7.284316 
-8.421721 
-7.988136 
-8.386938 
-8.924442 
-8.323953 
-8.515873 
-8.755334 
-9.493783 
-8.347033 
-9.241022 
-9.425022 
-9.02659 
-8.799551 
-8.069854 
-9.044816 
-9.445435 
-10.73025 
-9.830288 
-8.552285 
-9.029106 
-9.706839 
-8.341779 
-9.12979 
-9.271476 
-9.564247 
-9.960191 
-8.518415 
-8.212721 
-8.056957 
-9.00188 
-7.796318 
-9.032092 
-8.12336 
-7.429051 
-8.071994 
-6.75366 
-6.779687 
-6.085245 
-6.31347 
-7.001504 
-6.644695 
-6.435703 
-6.479113 
-5.996883 
-5.192499 
-6.358828 
-7.255777 
-8.303554 
-9.478013 
-9.256259 
-7.884456 
-8.573356 
-8.918148 
-7.736409 
-7.71399 
-8.388207 
-7.325615 
-8.461323 
-9.40493 
-8.011771 
-6.997345 
-6.022314 
-4.571828 
-5.25712 
-4.749186 
-4.349002 
-2.987753 
-3.180151 
-4.390121 
-3.287386 
-4.19923 
-4.860269 
-4.509827 
-4.842324 
-4.713317 
-3.494982 
-3.329793 
-2.009473 
-1.248526 
-1.502286 
-.7702895 
-.5560129 
-.7044001 
-1.969999 
-3.242607 
-3.59365 
-3.793336 
-4.132663 
-3.724664 
-4.584659 
-4.723133 
-5.638869 
-4.26519 
-4.853792 
-6.041378 
-5.128095 
-4.48918 
-5.139225 
-4.275398 
-3.196377 
-1.810142 
-2.433449 
-2.513052 
-1.331744 
-.1337935 
-.1322754 
 .9457365 
 1.139398 
 .9102347 
 1.795476 
 2.412696 
 3.496474 
 2.491577 
 3.234301 
 3.668847 
 4.792184 
 5.678448 
 6.399509 
 7.110108 
 6.966115 
 7.563135 
 7.669169 
 6.653719 
 6.059985 
 5.909979 
 6.955541 
 7.912279 
 7.509979 
 8.739216 
 8.661491 
 9.931539 
 9.68435 
 10.37016 
 9.731403 
 8.45565 
 9.435444 
 9.563934 
 10.48193 
 11.24513 
 11.88393 
 12.9536 
 11.56599 
 12.36123 
 11.47752 
 10.73337 
 9.374277 
 10.4102 
 11.67359 
 10.89226 
 10.89598 
 10.34858 
 9.44275 
 8.512616 
 7.390501 
 7.611033 
 7.776793 
 8.699479 
 7.460223 
 6.547101 
 6.857637 
 6.679069 
 6.013021 
 6.887455 
 6.278632 
 7.544487 
 7.181742 
 7.927378 
 8.705311 
 8.920815 
 8.429868 
 8.58593 
 8.95107 
 9.095558 
 7.770094 
 8.645919 
 7.325433 
 6.276397 
 5.698573 
 5.461953 
 5.193274 
 6.13993 
 4.836493 
 5.901179 
 5.114313 
 3.810797 
 4.558253 
 3.2157 
 2.165421 
 2.617779 
 1.92795 
 2.867304 
 2.027275 
 1.240487 
 1.245436 
 1.56816 
 1.851567 
 .7136675 
 1.947157 
 1.599176 
 1.155851 
-.1443848 
 .9496098 
 .9221562 
 .6536525 
 1.854781 
 1.139787 
 1.279885 
-8.451199E-03 
 .8713255 
 .7785422 
 .8986461 
 .5442041 
-.4495429 
 .2076682 
-.5776172 
-1.383336 
-1.864849 
-2.059797 
-1.363841 
-2.418875 
-2.574864 
-1.64041 
-1.418898 
-.6516085 
-1.222185 
-2.412798 
-2.042225 
-2.015026 
-1.467569 
-1.86649 
-1.47549 
-2.411331 
-1.248649 
-1.601422 
-.7036962 
-1.637593 
-1.623704 
-2.913405 
-2.191084 
-1.215279 
-1.778498 
-1.981672 
-1.922089 
-3.292283 
-2.796166 
-1.433877 
-2.558342 
-1.747606 
-3.006844 
-1.672394 
-.2564047 
 .2745264 
 .7980053 
-.1075773 
-1.017458 
 .2995502 
 .8424917 
 1.912703 
 .8498148 
-.1375276 
-.7804675 
-2.084714 
-2.556681 
-1.406044 
-2.121383 
-1.537797 
-.5960851 
-1.746941 
-.8381584 
 4.538365E-02 
-.7890502 
-1.890283 
-1.524549 
-2.697557 
-2.326977 
-2.411588 
-1.147121 
-1.99563 
-2.542187 
-2.217992 
-2.904971 
-3.400136 
-4.505089 
-5.851416 
-4.513973 
-3.814601 
-3.979207 
-4.053015 
-4.123707 
-3.085231 
-3.30349 
-2.691581 
-3.011777 
-3.299297 
-4.002885 
-4.726914 
-5.884752 
-5.01373 
-4.060672 
-4.489955 
-4.669588 
-3.240098 
-2.650759 
-2.651026 
-1.691185 
-2.122671 
-3.07492 
-1.908155 
-1.85911 
-1.032835 
-.7013947 
-1.127254 
 .179017 
-.1836795 
-.7319809 
-1.512832 
-.7305568 
 .3795456 
-.7062426 
 .4317712 
 .7682197 
 1.853065 
 2.554032 
 2.046832 
 2.133744 
 3.020319 
 2.019402 
 2.820625 
 2.592885 
 2.690061 
 1.463284 
 .2068864 
 1.143937 
 2.488547 
 1.117674 
 1.54525 
 2.801936 
 1.710065 
 1.369727 
 1.335997 
 2.443124 
 1.493146 
 2.389697 
 2.793736 
 1.988349 
 .6993878 
 1.844583 
 1.800357 
 2.259818 
 1.021581 
-.3506183 
 .9294004 
 .1078296 
 1.207188 
 1.042842 
 .1082359 
-.487767 
 .2174598 
 1.206252 
 .5107787 
 .0780296 
 1.107996 
 2.101298 
 1.844457 
 2.094122 
 1.203917 
 2.436211 
 1.735863 
 .3679626 
-.1335965 
 .1483715 
-.192227 
 .2077534 
 .8833742 
 1.466084 
 .5690307 
-.6756912 
-1.380096 
-2.211556 
-.8566197 
-1.751359 
-1.297018 
-.1388815 
-.7767797 
-1.451251 
-.6778503 
 5.297197E-02 
-.2578893 
-1.220783 
-1.010276 
-2.064089 
-2.683357 
-1.65713 
-1.167256 
-1.252685 
-1.055007 
-1.794439 
-3.131542 
-3.785796 
-2.481233 
-3.702811 
-2.67828 
-3.825677 
-3.170794 
-3.788357 
-2.595753 
-3.821069 
-3.508547 
-3.475272 
-2.389788 
-2.519515 
-1.568516 
-.639064 
-1.834872 
-1.590037 
-1.552534 
-.7183052 
-.9054649 
 .4395252 
-.5677645 
-7.878795E-02 
 .4614322 
 1.110245 
 1.089302 
 2.447848 
 3.412527 
 2.46286 
 2.898068 
 2.242781 
 3.257989 
 3.879755 
 3.546413 
 2.384081 
 2.690742 
 1.565056 
 2.034938 
 1.481768 
 .310811 
 .6799042 
 .8094828 
 1.023708 
 1.967846 
 3.162885 
 2.322213 
 1.314394 
 1.906625 
 2.758035 
 2.227307 
 3.183034 
 3.929919 
 3.561553 
 3.762195 
 3.363299 
 3.390707 
 3.286231 
 3.496781 
 4.230996 
 3.703227 
 3.001776 
 3.996536 
 3.282049 
 2.293333 
 1.31925 
 .5821388 
-.3300476 
-.2596254 
 1.03582 
 .7291176 
 .1550817 
 .6355959 
-.1231174 
 .4182044 
-6.640366E-02 
-1.329786 
-7.081199E-02 
-.705312 
-.2092276 
 1.188811 
 .8401811 
 .4548245 
 .3324389 
 .94323 
 .2496022 
 1.290466 
 2.065386 
 1.944831 
 .8767326 
 2.481415E-02 
-.689742 
 .7044805 
-.6590058 
-1.135397 
-.5312789 
-1.123272 
-1.625358 
-2.592195 
-3.062772 
-3.09645 
-1.877176 
-3.14949 
-2.380924 
-3.550844 
-3.152224 
-2.597592 
-1.793521 
-2.041322 
-1.293028 
-2.194562 
-.9502483 
-1.433559 
-2.626309 
-3.162044 
-2.710929 
-3.63385 
-2.538727 
-3.457096 
-3.604605 
-2.374243 
-2.443337 
-1.049871 
-1.23165 
-.4741126 
 .1275689 
-.6983033 
-1.627725 
-1.160043 
 .2073818 
 .971536 
 1.152753 
 .8155926 
 .1833165 
 .9215075 
 .1788409 
 .7326706 
 1.032224 
 .1456258 
 1.429973 
 2.302568 
 2.72874 
 1.492526 
 1.380676 
 .2442863 
 .6897323 
 1.463161 
 1.326615 
-6.177091E-02 
 2.645639E-02 
 .3399928 
 1.354825 
 .8232786 
 .1999299 
 .5150852 
 .1323208 
 .2568656 
 .6368051 
 1.067467 
 8.249468E-02 
 .60916 
 1.846178 
 2.588194 
 3.804893 
 2.786604 
 2.201479 
 2.812673 
 2.093378 
 3.338811 
 4.571195 
 5.504838 
 6.579691 
 5.644481 
 6.784679 
 5.635288 
 6.397768 
 6.978062 
 8.123523 
 7.928973 
 8.99492 
 7.980937 
 7.891086 
 7.46492 
 7.665394 
 6.289073 
 5.798006 
 6.379142 
 5.132714 
 4.348284 
 3.092826 
 4.001159 
 3.127517 
 3.864722 
 5.16241 
 5.948406 
 5.834825 
 6.286326 
 5.599895 
 4.370073 
 3.877776 
 3.114814 
 2.910325 
 2.407284 
 2.780015 
 2.554783 
 3.486113 
 3.355769 
 3.17805 
 3.489764 
 3.935734 
 5.290098 
 3.94373 
 4.043361 
 2.754327 
 3.036036 
 2.080521 
 2.045385 
 1.879134 
 3.23138 
 3.478338 
 4.148727 
 3.508013 
 4.592203 
 5.519256 
 4.975488 
 5.948281 
 5.923393 
 5.052486 
 6.083416 
 5.986636 
 7.283673 
 5.892573 
 7.156165 
 8.063099 
 7.385703 
 6.48751 
 6.26414 
 6.720329 
 6.040901 
 7.28386 
 6.32532 
 6.696302 
 5.36912 
 6.367355 
 5.056906 
 4.967986 
 4.84079 
 3.699264 
 2.539001 
 2.134471 
 .8643306 
 2.151857 
 3.508763 
 3.682008 
 2.259564 
 2.569307 
 3.237569 
 2.89428 
 3.054385 
 2.081261 
 2.532547 
 1.700061 
 1.944583 
 2.912161 
 3.025398 
 4.30218 
 3.905828 
 4.219549 
 3.160877 
 3.798039 
 4.365022 
 5.368749 
 6.208519 
 6.608266 
 5.904703 
 5.713092 
 5.911658 
 4.659515 
 3.541946 
 4.764562 
 4.027754 
 5.046731 
 5.214356 
 4.31795 
 5.299196 
 4.444386 
 3.863016 
 2.557252 
 2.385396 
 1.885693 
 2.205754 
 1.824872 
 3.026773 
 3.648067 
 2.390689 
 1.921895 
 1.576802 
 1.761795 
 1.038903 
 2.244652 
 1.989334 
 1.364202 
 2.544442 
 3.095004 
 4.282412 
 4.19077 
 3.647779 
 4.452404 
 3.191222 
 2.03439 
 2.580933 
 1.770226 
 1.377422 
 2.119511 
 1.305684 
 .837476 
 .2088318 
 .1641849 
 1.464494 
 1.911765 
 2.821099 
 2.708077 
 2.202534 
 3.2075 
 3.437964 
 2.93017 
 3.047619 
 1.690741 
 2.729203 
 2.549406 
 2.7093 
 1.735427 
 .8475444 
 1.123725 
-9.566792E-02 
 1.282204 
 2.496132 
 3.561477 
 4.513024 
 5.728493 
 5.345988 
 6.246949 
 5.858176 
 5.666632 
 6.567631 
 7.401657 
 7.686263 
 7.361833 
 6.271988 
 6.684361 
 5.586811 
 4.137933 
 3.551885 
 3.765875 
 3.302745 
 3.771701 
 3.870891 
 3.238142 
 2.407315 
 2.213299 
 2.014078 
 1.628139 
 2.967371 
 2.489492 
 2.073015 
 3.378167 
 2.781676 
 2.091468 
 1.326654 
 1.779624 
 1.825721 
 3.020242 
 2.856441 
 3.058705 
 2.51415 
 1.588655 
 .4172615 
 1.28937 
 1.183323 
 1.035196 
 .5965958 
-.6733042 
 .6349224 
 .8836858 
 .2464738 
 .158099 
-.3087253 
 .6478744 
 1.221825 
 2.286608 
 1.445017 
 .3420288 
 .2531487 
-.8010129 
-1.750949 
-1.73484 
-.7766845 
-.2639191 
 .5052533 
-.7546203 
-1.503193 
-1.221582 
 .1579382 
 .9419657 
 2.866887E-02 
 .3211525 
 .760178 
 1.954465 
 1.960051 
 2.01534 
 1.68681 
 1.638096 
 2.504798 
 3.610488 
 3.911759 
 5.167517 
 4.131711 
 5.188268 
 6.377705 
 5.984082 
 7.25601 
 6.911094 
 7.366139 
 7.499155 
 7.092795 
 7.000652 
 7.61544 
 8.022319 
 8.007652 
 6.538754 
 6.891701 
 7.911502 
 7.361229 
 7.167679 
 8.231579 
 8.216724 
 8.03725 
 7.085426 
 7.194923 
 6.383849 
 6.356374 
 6.97569 
 5.655983 
 5.75236 
 5.549304 
 5.538632 
 4.79679 
 5.161351 
 4.634304 
 4.97476 
 5.854784 
 5.334348 
 4.607538 
 3.505675 
 4.336611 
 3.894257 
 4.076214 
 3.346057 
 3.030693 
 4.090222 
 3.567129 
 2.761461 
 1.562024 
 .9990679 
 2.23505 
 .9042505 
 2.099117 
 1.221609 
 .4302011 
 .7494863 
-.1223062 
 .2419185 
 .2539161 
-.462707 
-1.539824 
-1.020306 
-1.98774 
-2.902665 
-4.206869 
-5.069744 
-5.78467 
-5.758875 
-5.263915 
-4.566713 
-4.61834 
-5.057624 
-4.362411 
-2.935849 
-2.997151 
-3.834945 
-3.01565 
-3.87816 
-4.803398 
-4.405776 
-5.126954 
-4.149071 
-4.173763 
-5.241891 
-4.578356 
-3.629609 
-4.003335 
-4.896783 
-4.30017 
-3.860347 
-2.723534 
-1.8227 
-2.569047 
-1.432424 
-.4917403 
-1.505396 
-2.653723 
-3.79498 
-4.471907 
-5.196216 
-6.340621 
-5.998575 
-5.939512 
-6.452881 
-6.089478 
-7.388419 
-7.442358 
-8.536192 
-8.339962 
-8.032462 
-6.793406 
-6.767321 
-7.423598 
-5.951348 
-6.361209 
-6.433833 
-5.174037 
-5.289073 
-4.488416 
-5.49807 
-6.189758 
-5.277888 
-6.400476 
-7.104361 
-8.295393 
-8.95305 
-9.16178 
-8.490934 
-8.147169 
-6.955738 
-6.073281 
-5.650296 
-4.928259 
-3.551442 
-4.163273 
-4.652176 
-4.339777 
-3.035041 
-1.756971 
-1.141699 
-1.583688 
-2.639921 
-2.590278 
-3.721084 
-4.294215 
-4.697002 
-3.47599 
-2.441298 
-3.222998 
-4.368918 
-4.694078 
-3.899466 
-2.569581 
-2.133806 
-2.180079 
-2.807722 
-3.514779 
-2.840276 
-2.123013 
-3.053847 
-2.450625 
-3.409541 
-4.01981 
-4.03019 
-4.529994 
-3.406707 
-2.871932 
-2.41473 
-1.407644 
-1.861302 
-2.271081 
-1.232889 
-.2965983 
 .6118102 
 1.57236 
 2.149071 
 2.14048 
 1.802395 
 2.185481 
 1.049021 
 .2825725 
 1.036426 
-.1957356 
-.5334177 
-1.831506 
-1.249159 
-1.279038 
-.6510134 
-.7920585 
-1.047885 
-.2144231 
 .5616739 
 .7703118 
 .4018892 
-.7513427 
-.5637571 
-.7332317 
-1.107951 
-.716154 
-.4173722 
-.3260629 
 .2184131 
-1.001429 
-1.518138 
-1.022331 
-.3684595 
 .5610571 
 .9472921 
-.2802412 
 .193821 
 1.340483 
 2.63499 
 2.991776 
 3.086007 
 3.781175 
 3.014416 
 3.293342 
 3.260262 
 3.266267 
 2.847422 
 2.357308 
 1.771999 
 1.596377 
 2.524963 
 2.120868 
 .9646639 
 1.390696 
 1.818166 
 2.597565 
 2.406562 
 1.112546 
 .9477987 
 1.754738 
 1.912541 
 1.910879 
 2.8511 
 2.877431 
 3.879797 
 3.480134 
 2.475377 
 1.386359 
 1.979169 
 .9138556 
 .1590226 
-.9946779 
-1.173122 
-1.55044 
-1.16844 
-.1924493 
 1.345694E-02 
 1.325192 
 2.645496 
 2.778931 
 2.583732 
 2.841683 
 3.160564 
 2.35994 
 3.318314 
 2.932767 
 3.024234 
 1.608888 
 .608568 
 1.488846 
 1.354221 
 2.148575 
 2.049216 
 .8424083 
 9.362812E-02 
-1.224507 
-1.858503 
-2.196967 
-2.081164 
-1.14937 
-2.361833 
-1.781896 
-1.251091 
-1.96157 
-2.034418 
-1.241837 
-.2940508 
 .8100055 
 .6669208 
-2.435368E-02 
-.4623981 
 .296694 
 1.300456 
 .3725326 
 .1383125 
-.3820002 
-1.301723 
-.8648205 
-2.250906 
-1.513465 
-1.449843 
-.4485686 
 .7367279 
 1.22849 
 2.485514 
 1.569941 
 .9172868 
 1.911875 
 3.194129 
 3.838988 
 2.572594 
 2.092781 
 1.340356 
 1.888086E-02 
-1.110121 
-.3911197 
 .1121847 
 1.257949 
 .2098915 
 1.364322 
 1.820869 
 2.590024 
 1.850998 
 2.192761 
 2.419322 
 1.179435 
 1.167124 
 1.965204 
 2.183378 
 3.264712 
 4.116422 
 4.611248 
 4.786484 
 3.508211 
 2.408734 
 2.712659 
 2.789675 
 2.003242 
 2.639943 
 3.067511 
 4.39657 
 4.028875 
 2.639421 
 3.490601 
 4.226296 
 4.28298 
 3.557108 
 2.899323 
 1.744522 
 2.199086 
 3.019148 
 1.75691 
 2.446177 
 3.686218 
 3.545261 
 4.324294 
 4.726447 
 3.797987 
 2.78429 
 3.61027 
 3.926552 
 3.909045 
 4.613454 
 4.481435 
 4.05695 
 3.587989 
 3.084253 
 3.785197 
 4.461841 
 4.765272 
 4.445572 
 3.272232 
 2.85597 
 2.006764 
 2.505025 
 2.223096 
 1.369999 
 1.670013 
 2.890094 
 2.785087 
 3.477019 
 4.727799 
 3.635142 
 3.572147 
 2.798838 
 1.854933 
 2.612459 
 3.740594 
 2.587437 
 2.387039 
 2.794537 
 2.817226 
 3.696741 
 4.777503 
 5.100618 
 5.737277 
 6.814025 
 7.076783 
 7.96436 
 7.232825 
 6.148022 
 6.852694 
 5.548405 
 6.386249 
 5.282256 
 4.153608 
 3.673955 
 3.017906 
 1.740445 
 2.197829 
 3.394486 
 4.74476 
 5.220689 
 5.693021 
 5.32647 
 4.882987 
 5.259032 
 6.191302 
 7.445079 
 7.788411 
 8.964662 
 9.518083 
 8.831658 
 7.58185 
 8.097858 
 7.945438 
 7.020127 
 6.043641 
 5.232366 
 5.964186 
 7.105155 
 6.448088 
 5.59433 
 4.371186 
 4.280507 
 4.19465 
 3.629365 
 2.240468 
 1.586789 
 1.798318 
 2.78901 
 1.680286 
 .3129956 
 .3050889 
 1.474108 
 2.185679 
 3.20006 
 4.082792 
 4.122908 
 3.784351 
 4.647388 
 5.042418 
 4.232161 
 5.496933 
 4.984503 
 5.388516 
 6.225919 
 6.554923 
 5.769783 
 5.482092 
 5.081088 
 5.699657 
 6.689761 
 7.990455 
 7.98259 
 9.189787 
 8.980385 
 9.591585 
 10.75129 
 11.53196 
 12.14462 
 11.94514 
 10.85047 
 10.32753 
 11.54336 
 11.82481 
 11.66173 
 10.37494 
 11.25218 
 9.865975 
 9.486521 
 8.568268 
 7.403018 
 7.593073 
 8.849466 
 7.51759 
 6.264029 
 5.936279 
 6.37125 
 7.151449 
 7.217679 
 6.099558 
 5.673944 
 5.341202 
 6.573128 
 6.553033 
 6.745756 
 7.542871 
 8.206538 
 7.485765 
 6.192842 
 5.912016 
 4.676747 
 3.528886 
 3.380251 
 4.155465 
 4.325071 
 3.104698 
 2.830671 
 2.972506 
 3.252337 
 2.30016 
 3.102568 
 3.614089 
 3.938872 
 2.821198 
 2.008587 
 3.116812 
 3.918436 
 3.79798 
 4.648149 
 4.225037 
 5.295796 
 6.526301 
 5.742269 
 6.170601 
 6.011544 
 4.637461 
 5.848421 
 4.493453 
 3.558836 
 4.099421 
 4.603414 
 5.223312 
 5.217831 
 5.564456 
 4.992846 
 5.87211 
 6.129588 
 5.982427 
 6.590896 
 5.411972 
 5.169924 
 4.734763 
 3.976164 
 3.275584 
 2.253166 
 3.284019 
 4.631203 
 4.345325 
 5.065908 
 3.658467 
 4.382386 
 5.00662 
 3.750461 
 3.908061 
 2.547577 
 2.41352 
 2.875885 
 3.373687 
 2.296226 
 1.014912 
 .9892762 
 1.56255 
 2.578587 
 3.032166 
 2.584667 
 1.816086 
 1.10097 
 2.172284 
 3.170863 
 3.045374 
 2.989275 
 3.276075 
 3.518043 
 4.253985 
 3.607535 
 3.075231 
 2.900963 
 2.967612 
 2.449176 
 2.414566 
 1.792517 
 .9201579 
-.2908024 
-.7736694 
 .2021621 
 .5270873 
 1.237458 
 1.704464 
 2.712267 
 3.089633 
 3.502414 
 2.784345 
 2.705729 
 3.898942 
 4.189822 
 3.10719 
 4.096597 
 2.768637 
 3.573397 
 3.144498 
 2.024508 
 2.641823 
 3.179371 
 4.544984 
 4.185047 
 4.325023 
 4.11685 
 3.449458 
 2.901353 
 3.558782 
 2.820971 
 1.54718 
 1.867142 
 .9121553 
 .1930714 
 .2920523 
-1.087829 
-.3601837 
-.4772266 
-1.286002 
-1.768786 
-2.994437 
-4.159165 
-5.35224 
-4.107927 
-5.343703 
-3.964347 
-5.282514 
-5.684257 
-6.425353 
-6.40345 
-5.900458 
-6.864997 
-5.651782 
-5.872077 
-6.748483 
-7.850536 
-6.686881 
-7.328148 
-7.169272 
-7.010838 
-7.87898 
-6.974324 
-5.513487 
-6.708251 
-7.807217 
-6.807083 
-5.974897 
-6.369134 
-5.904143 
-6.788137 
-5.369731 
-5.802847 
-6.92328 
-5.723465 
-4.639868 
-4.295426 
-3.720556 
-2.37423 
-3.082958 
-4.304518 
-3.097252 
-2.097236 
-2.958097 
-2.323624 
-1.833702 
-1.473434 
-2.799052 
-1.47069 
-.334665 
-1.07433 
-1.084174 
-2.564539E-02 
-.1629526 
 1.224363 
 .4510039 
 1.482961 
 .3645822 
-5.533622E-02 
-.2115961 
 .1164384 
 1.335158 
 2.459941 
 3.545548 
 2.550024 
 3.562393 
 4.033881 
 2.830503 
 2.260808 
 2.321304 
 2.664441 
 3.209918 
 2.591807 
 2.001537 
 1.733966 
 1.29772 
 1.667433 
 2.091074 
 1.776265 
 1.676245 
 1.139618 
 1.853921 
 3.051427 
 3.211852 
 2.134114 
 1.436056 
 2.483943 
 2.893156 
 2.443468 
 2.105404 
 1.645223 
 2.90313 
 3.222808 
 2.598531 
 3.180219 
 4.149415 
 2.978019 
 3.188602 
 4.377276 
 3.267098 
 4.093382 
 3.265799 
 4.617743 
 4.063922 
 3.554103 
 3.57218 
 4.131934 
 4.255508 
 4.710374 
 4.76604 
 5.421881 
 5.14401 
 4.850635 
 5.138473 
 6.143521 
 5.139617 
 3.88324 
 3.126912 
 3.039321 
 2.122758 
 2.868455 
 1.681289 
 1.205699 
 1.78839 
 .7721412 
 .367906 
 .7179905 
 1.4717 
 1.248786 
 .9038786 
 .0535333 
-.2930217 
 .7962731 
 .5487034 
-.606098 
 .766099 
 .6442881 
 1.293325 
 .6653753 
-.1349028 
 .202342 
 1.491489 
 2.097329 
 2.848975 
 2.941371 
 3.302109 
 3.53435 
 4.015828 
 3.932612 
 2.670611 
 3.561598 
 4.142571 
 3.888026 
 3.449139 
 4.427581 
 3.325903 
 4.566277 
 5.365626 
 5.77695 
 5.847579 
 5.582371 
 5.284447 
 3.842111 
 3.140323 
 2.638254 
 3.374474 
 4.595023 
 4.88089 
 6.099925 
 4.918513 
 5.27941 
 5.871632 
 5.100193 
 5.293321 
 4.787051 
 4.58406 
 5.895407 
 7.162178 
 7.421884 
 7.454509 
 6.407851 
 5.989708 
 7.201779 
 6.209018 
 6.373806 
 5.909095 
 5.712737 
 5.91106 
 6.803052 
 6.103711 
 7.070372 
 5.839539 
 5.44212 
 6.335543 
 7.334927 
 6.379972 
 7.491576 
 8.673784 
 8.868414 
 7.705888 
 6.491541 
 7.189651 
 6.674684 
 6.624458 
 6.09606 
 4.833208 
 5.152918 
 4.631574 
 3.238434 
 3.985222 
 3.886039 
 2.811072 
 3.777817 
 4.66498 
 5.711514 
 5.493721 
 5.512619 
 4.733201 
 5.064212 
 0 
 10 
 1 
