 .7000055 
 .7106878 
 .6199018 
 .5356532 
 .6184851 
 .4337705 
 .5141949 
 .6114247 
 .6694755 
 .4944546 
 .4523883 
 .5679248 
 .6554635 
 .5953351 
 .742057 
 .8536093 
 .6778964 
 .8182777 
 .7508562 
 .7412228 
 .8163781 
 .6406196 
 .6572668 
 .6303108 
 .5444881 
 .5740345 
 .6116299 
 .5142652 
 .4247027 
 .5294596 
 .6298466 
 .6456064 
 .7995282 
 .9234725 
 .8056127 
 .8540677 
 1.000779 
 .8869907 
 .87718 
 .7183908 
 .8751872 
 .9153344 
 .7239681 
 .7325529 
 .5750861 
 .4224967 
 .516516 
 .428692 
 .2596473 
 .18203 
 .1364067 
 6.360953E-02 
 .2186295 
 .380779 
 .3370669 
 .2514555 
 .1268014 
 6.018296E-03 
 5.703698E-02 
 2.425736E-02 
-6.782566E-03 
 6.763532E-02 
 5.323865E-03 
 5.167941E-02 
-5.165532E-02 
-.1599908 
-.1269925 
-.2702445 
-.278323 
-.1299168 
-.2100412 
-.1053665 
-.145065 
-.2149431 
-6.331922E-02 
-1.579085E-02 
 2.914708E-02 
 3.464244E-03 
-.1369454 
-.1122995 
-4.167643E-02 
 .103746 
 .2180818 
 4.613896E-02 
 .0601484 
 .2039412 
 .1746251 
 .2324776 
 .227664 
 .2269062 
 .2084503 
 .1522215 
 .1152917 
 3.210568E-02 
-.1237952 
-.2101853 
-3.783914E-02 
-.1901761 
-.2238309 
-.2654942 
-.2625459 
-.3763314 
-.3760675 
-.4516195 
-.3956642 
-.3713295 
-.4822386 
-.3174048 
-.255736 
-.2473738 
-.2795707 
-.4097955 
-.3006734 
-.3074271 
-.2113803 
-.1726834 
-5.233392E-02 
-.2190324 
-.3147844 
-.4558161 
-.5824133 
-.6269543 
-.7414202 
-.897775 
-.8630353 
-.7871664 
-.7526044 
-.6199668 
-.7507835 
-.8400046 
-.7570679 
-.7545863 
-.7860871 
-.8890865 
-.7960582 
-.6269766 
-.6011389 
-.7297105 
-.6219537 
-.6410456 
-.6387179 
-.6258739 
-.7126599 
-.7547078 
-.8775136 
-.8247692 
-.9198818 
-.7481884 
-.8702804 
-.8686485 
-.9267137 
-.7740754 
-.6676943 
-.7306623 
-.6522309 
-.7212702 
-.8468227 
-.9898877 
-1.027624 
-.9012915 
-.9500749 
-1.019301 
-1.001255 
-1.062489 
-1.09221 
-1.224409 
-1.200679 
-1.274007 
-1.115695 
-1.057548 
-.9427793 
-.7704343 
-.8106259 
-.7758662 
-.9033001 
-.8343666 
-.8454174 
-.6640893 
-.7824057 
-.6155213 
-.5585501 
-.5980772 
-.7059188 
-.6956898 
-.7766606 
-.5853833 
-.7001055 
-.8474697 
-.880765 
-.8426445 
-.6744621 
-.6446621 
-.6616018 
-.5242609 
-.3976068 
-.3277241 
-.2422795 
-6.297479E-02 
-.1173537 
-.1161629 
-.1437077 
-7.204058E-02 
-.1822957 
-.2047544 
-.1846897 
-7.035328E-02 
-5.435668E-02 
-7.832502E-02 
-7.324947E-02 
-.1664793 
-.120817 
-.1214199 
-5.534438E-02 
 8.094621E-02 
 3.377598E-02 
-3.598502E-02 
-.1074061 
-.2268434 
-.2109018 
-.3023519 
-.2654729 
-.306657 
-.1679456 
-.1715234 
-.2753226 
-.2043615 
-.1130179 
-7.049295E-02 
 2.970543E-02 
-8.908568E-02 
 2.051606E-02 
-8.378386E-02 
 7.769018E-02 
-7.574213E-02 
-.2269431 
-.1190688 
-.1581881 
-.1670406 
-.2957627 
-.4227671 
-.5263234 
-.671213 
-.5798614 
-.5541922 
-.5193803 
-.6055852 
-.6019823 
-.5013109 
-.4010161 
-.4265123 
-.2754101 
-.1828253 
-.3219773 
-.2671529 
-.1862807 
-.3507857 
-.3662637 
-.3915429 
-.460425 
-.2797779 
-.1673375 
-9.480814E-02 
-.1212573 
-3.645294E-02 
-.1133421 
-.1606354 
-.1799439 
-2.024025E-02 
-.1518426 
-9.719557E-02 
-.1479381 
-.2824007 
-.3853215 
-.5233303 
-.5340361 
-.3607047 
-.3372369 
-.3309744 
-.1578153 
-.2524667 
-.2885464 
-.3178637 
-.386376 
-.3757755 
-.4927089 
-.4746685 
-.3006582 
-.2732546 
-.1237593 
-6.585128E-02 
-8.479877E-02 
-1.536677E-02 
-.1670041 
-7.354301E-02 
-1.760808E-03 
-2.740224E-03 
-.1229418 
-.2163711 
-.2717773 
-.1658494 
-.3187827 
-.3047191 
-.2075721 
-9.756216E-02 
-.1561937 
 1.261948E-02 
 .1185145 
 .1766461 
 .3137459 
 .4372575 
 .3974992 
 .2562432 
 .4085148 
 .5023211 
 .5585816 
 .5106133 
 .3293255 
 .2053275 
 8.312225E-02 
 .0844876 
 4.963861E-02 
-8.904903E-02 
-.1650201 
-.1110655 
 1.349495E-02 
 1.245697E-02 
-9.682731E-02 
 4.397129E-02 
-1.494685E-03 
-6.304549E-02 
 3.302496E-02 
-6.621102E-02 
-8.309785E-02 
-.1732092 
-3.691143E-02 
 2.534839E-03 
-4.135577E-02 
-7.891589E-02 
 4.887069E-02 
 .0776749 
 .226414 
 .2268926 
 .162126 
 .2867785 
 .1956854 
 .1069818 
-7.777875E-03 
-6.100698E-02 
-.2331668 
-.1428916 
-2.042156E-02 
-9.720568E-02 
-2.398914E-02 
-5.661055E-02 
 5.352255E-02 
 .1366094 
 .1115194 
-3.850427E-02 
-.0687587 
-.1231469 
-4.665046E-02 
-.1110325 
-4.039055E-03 
-.1254932 
-.0899743 
 .0714673 
-1.992871E-02 
 .134127 
-3.759518E-03 
 .1653582 
 .2077396 
 .2371781 
 .3719081 
 .3889684 
 .2905356 
 .4091622 
 .2508213 
 .2233513 
 .308648 
 .2123506 
 .1647994 
 .1249133 
 .1311419 
 4.778839E-02 
 7.495701E-02 
-2.819926E-02 
-.1745609 
-3.227491E-02 
-.167115 
-.1098527 
 3.256103E-02 
-6.191792E-02 
 9.662943E-02 
 .2151075 
 .1893428 
 .1819345 
 .271567 
 .3818362 
 .3315346 
 .2171764 
 .1512005 
 .1172272 
-6.863385E-03 
 3.513058E-02 
-.1055501 
-.2059275 
-.1337075 
-.12889 
-.236367 
-5.908046E-02 
-6.762514E-02 
-.2390951 
-.2591454 
-.3265719 
-.2304581 
-8.826315E-02 
 .0262581 
-8.716329E-02 
-.2215886 
-.3871135 
-.499259 
-.5298722 
-.6258044 
-.4431631 
-.3024684 
-.266643 
-.1800649 
-.2995838 
-.376819 
-.5322912 
-.4048571 
-.2960723 
-.1872248 
-.2410565 
-.2523004 
-.2269097 
-.1154995 
-9.034733E-02 
-.1916068 
-.2889964 
-.3291776 
-.2954873 
-.3426681 
-.324457 
-.3425525 
-.3087126 
-.4582374 
-.4304464 
-.5223975 
-.3481606 
-.1885143 
-1.198659E-02 
 .1068365 
 7.258052E-02 
 .1773651 
 .3438714 
 .2511698 
 .1314241 
 .1961453 
 2.276874E-02 
-3.395114E-02 
 3.408476E-02 
-.102739 
-.2364519 
-.3037826 
-.3316692 
-.3029784 
-.361575 
-.4241076 
-.3062783 
-.3652601 
-.399697 
-.424491 
-.2949641 
-.3193245 
-.233155 
-.1720528 
-.2005334 
-3.845673E-02 
 1.329201E-02 
 1.858329E-02 
-7.844256E-02 
-4.764301E-02 
 4.026805E-02 
 2.409212E-02 
 .164649 
 8.489564E-02 
 .1413034 
 .2740289 
 .1910376 
 .1403238 
-3.265733E-02 
-.103534 
 6.794495E-02 
 .1574872 
 .1818762 
 .214325 
 .1281345 
 .1278597 
 .2272196 
 .3464302 
 .1959727 
 .2058086 
 .1712514 
 1.816197E-02 
 7.47295E-04 
 7.015074E-02 
 6.818042E-02 
 3.403333E-02 
 .1885534 
 .3531189 
 .3764237 
 .3784085 
 .4093442 
 .2559564 
 .1395636 
 .0606123 
-.1088233 
-.2274273 
-.249765 
-.226771 
-.2008402 
-9.785777E-02 
-.2550027 
-.2816824 
-.4287438 
-.4839638 
-.436193 
-.4193784 
-.3754886 
-.4257987 
-.2725499 
-.1716352 
-.1409656 
-.161402 
-7.630388E-02 
-.1920911 
-.3411194 
-.4223955 
-.3218391 
-.1564838 
-.2066521 
-.1372997 
-3.221691E-02 
-.1935833 
-8.618206E-02 
-8.984337E-02 
-.1900972 
-.1498218 
-3.450586E-03 
 .1520564 
 .2018902 
 2.753341E-02 
 8.338065E-02 
 .2435512 
 6.637604E-02 
 .2230832 
 6.882144E-02 
-.0050048 
 2.390802E-02 
 .1307911 
-.0328512 
-.1874975 
-.1604785 
-.2212031 
-.2463999 
-.2368832 
-.1495999 
-.1630545 
-.2210686 
-.3643321 
-.3872924 
-.3523822 
-.2518421 
-.2176409 
-.1593175 
-4.803437E-02 
-7.587575E-02 
 2.964556E-02 
 .1060628 
 .1709649 
 .2473663 
 .1339343 
 .2261824 
 7.052448E-02 
-1.913062E-02 
 .1385504 
 .2468248 
 .1428869 
 2.918197E-02 
-6.335636E-02 
 8.669019E-02 
-6.612991E-05 
-8.526245E-02 
-8.317534E-03 
 4.943291E-02 
 .1434757 
 .2303251 
 .1578533 
 .2672978 
 .3371469 
 .4671351 
 .3588929 
 .2999002 
 .3111904 
 .2531905 
 .1438046 
 .1678572 
 .2091346 
 7.818145E-02 
-7.696436E-02 
-2.824852E-02 
 .0906124 
 .1375908 
 .1080318 
-3.816496E-03 
-5.300531E-03 
 .1599727 
 .250093 
 .2023145 
 .1920076 
 .2037335 
 .2594805 
 9.196004E-02 
 .1413043 
 .277298 
 .2148231 
 7.598423E-02 
 4.813904E-02 
 .1417643 
 8.877861E-02 
 5.589614E-02 
 .1409469 
 .1153739 
 .1892915 
 .1870277 
 6.851806E-02 
-1.062109E-02 
-.1544277 
 1.650741E-02 
-.059434 
-1.676205E-02 
-8.384821E-02 
 4.116871E-02 
-2.302378E-02 
 8.064467E-02 
-.0349723 
-.103917 
-.2505211 
-.246729 
-.2571763 
-.2167687 
-.3754405 
-.4297237 
-.5464219 
-.5934936 
-.4882629 
-.4319212 
-.2595675 
-.1388646 
-.116624 
-7.648168E-02 
-.1827456 
-3.797364E-02 
-.1003679 
-6.284526E-02 
-2.736394E-02 
 6.651079E-02 
 .1399077 
 .2018048 
 .2878062 
 .1963369 
 .2089062 
 .2069929 
 .2247097 
 .1430011 
 .110135 
 5.526883E-02 
 .2186562 
 .2198397 
 .243388 
 .2252358 
 5.640268E-02 
 1.235373E-02 
-.1144107 
-5.780524E-02 
-.177433 
-.2785166 
-.3152147 
-.4486854 
-.3974669 
-.3171237 
-.3304797 
-.3500367 
-.3987272 
-.3189021 
-.4112678 
-.5604247 
-.4120015 
-.5613968 
-.5621186 
-.4649926 
-.3645539 
-.243068 
-.3384761 
-.3411331 
-.2043629 
-8.477245E-02 
-.1139785 
-.1242876 
-.1740074 
-.2572793 
-.143833 
-.1248582 
-.1084617 
-6.159788E-02 
-.2038568 
-.1252164 
-.2066364 
-.3560248 
-.4258024 
-.2546468 
-.308827 
-.2497415 
-.2913063 
-.3296096 
-.3820093 
-.4722537 
-.5611446 
-.5742757 
-.5192568 
-.5968268 
-.517305 
-.4732983 
-.4258685 
-.5625157 
-.7077271 
-.811511 
-.8802967 
-.8941649 
-.8430617 
-.8966264 
-.7573476 
-.5999268 
-.5760038 
-.6012096 
-.7601207 
-.8285388 
-.9260151 
-.8527714 
-.6640303 
-.7134857 
-.7865914 
-.6352601 
-.7490376 
-.7064064 
-.6518508 
-.5974884 
-.5152475 
-.3805068 
-.5116971 
-.5360596 
-.4103109 
-.4812355 
-.4072167 
-.433516 
-.3062232 
-.3222006 
-.197077 
-.2904266 
-.2026661 
-5.841897E-02 
-.1555445 
 1.653844E-02 
 .1786941 
 .3039568 
 .3045029 
 .3497568 
 .3261059 
 .1982724 
 .2433725 
 .2767588 
 .3935589 
 .3376347 
 .1734147 
 .171215 
 1.158019E-02 
-3.235002E-02 
-.0485806 
-.1179041 
 4.844969E-02 
-.1227607 
-6.740357E-02 
-2.596343E-02 
-1.372691E-02 
-.1776516 
-9.761512E-02 
-.1601429 
 1.174578E-02 
-.0614729 
-.107164 
-.1667795 
-.2136768 
-.300743 
-.2610018 
-.1840276 
-.2604575 
-.2278049 
-.1954236 
-1.936837E-02 
 .1316816 
 4.119934E-02 
 .1484189 
 .2389983 
 .2009504 
 .2413985 
 .2333093 
 .227101 
 9.351663E-02 
 .2550816 
 .1363353 
 .1642689 
 .2236389 
 8.190451E-02 
 .1326007 
 .2124823 
 .3050518 
 .2737167 
 .1213964 
 .1183317 
 .141507 
-1.563675E-02 
-4.581741E-02 
-.177948 
-.2971603 
-.3546302 
-.1746933 
-.1340191 
-.209298 
-.233408 
-.2381821 
-.3848322 
-.3900644 
-.4024039 
-.2372396 
-.3106705 
-.417028 
-.4047297 
-.4494136 
-.4339338 
-.4594732 
-.5322361 
-.6702752 
-.6046683 
-.6371267 
-.6054121 
-.457433 
-.4731442 
-.4286209 
-.4597725 
-.6031073 
-.724721 
-.8306593 
-.9343266 
-.8207414 
-.8828757 
-.9875197 
-1.123217 
-1.028604 
-.8832732 
-.8556735 
-.7299276 
-.5433495 
-.521511 
-.6595467 
-.599811 
-.6447459 
-.7063649 
-.6253048 
-.6442466 
-.6688889 
-.7554195 
-.6057795 
-.712732 
-.7296861 
-.6738594 
-.6402649 
-.5445583 
-.6627544 
-.7076846 
-.8622195 
-.7422603 
-.5769972 
-.6329091 
-.7130873 
-.5375326 
-.6329341 
-.6464231 
-.6785893 
-.7231917 
-.5381414 
-.4974264 
-.4760147 
-.5921225 
-.438528 
-.5914803 
-.4749357 
-.3868379 
-.4667071 
-.3009681 
-.3052059 
-.2195731 
-.2501732 
-.3376192 
-.2935522 
-.2685435 
-.2753463 
-.2165211 
-.1183821 
-.2672739 
-.3803979 
-.5106688 
-.6548452 
-.6229303 
-.4481781 
-.5328413 
-.5734001 
-.4231283 
-.419561 
-.5028819 
-.3685265 
-.5101329 
-.6257437 
-.4484445 
-.3209558 
-.2002349 
-2.199439E-02 
-.1125146 
-5.294903E-02 
-7.639545E-03 
 .156846 
 .125353 
-3.243972E-02 
 .1003788 
-1.977854E-02 
-.1068701 
-6.658234E-02 
-.1119662 
-9.913158E-02 
 4.932305E-02 
 6.439614E-02 
 .2232811 
 .3101998 
 .2694646 
 .3522744 
 .3694392 
 .3412474 
 .1743107 
 9.010286E-03 
-.038965 
-6.733838E-02 
-.1126709 
-.0641697 
-.1743909 
-.1930546 
-.3083119 
-.1365354 
-.2118321 
-.3606761 
-.245503 
-.1662091 
-.2487167 
-.1413252 
-8.665102E-03 
 .1603821 
 7.654747E-02 
 6.175579E-02 
 .2043865 
 .3470706 
 .3386296 
 .4645705 
 .4785445 
 .439716 
 .5404509 
 .6064153 
 .7296842 
 .5909514 
 .672186 
 .7139443 
 .8410713 
 .9369351 
 1.010964 
 1.082772 
 1.04719 
 1.104658 
 1.100265 
 .9563276 
 .8672106 
 .8348408 
 .9520909 
 1.056701 
 .9905489 
 1.128869 
 1.102433 
 1.244532 
 1.195624 
 1.263893 
 1.166249 
 .9908029 
 1.099193 
 1.100043 
 1.199434 
 1.27824 
 1.340561 
 1.455854 
 1.263378 
 1.345957 
 1.218237 
 1.109936 
 .9267132 
 1.044796 
 1.189629 
 1.077635 
 1.065256 
 .9844934 
 .8603491 
 .7350859 
 .5878016 
 .6100725 
 .6252455 
 .7345963 
 .5729541 
 .4543743 
 .4900769 
 .4643297 
 .3782308 
 .4854155 
 .4061919 
 .5618092 
 .5122044 
 .6015103 
 .6935838 
 .7142705 
 .6466665 
 .6607487 
 .7007394 
 .7127034 
 .541339 
 .6468871 
 .4771936 
 .3438429 
 .2711819 
 .2421078 
 .2094549 
 .3287463 
 .1658447 
 .3004707 
 .2023496 
 .0412553 
 .1381148 
-2.696457E-02 
-.1532453 
-9.045339E-02 
-.1709971 
-4.736616E-02 
-.1473737 
-.2393427 
-.2313574 
-.1839532 
-.1422075 
-.2782819 
-.1168717 
-.1549906 
-.2044929 
-.3601403 
-.2151791 
-.2121808 
-.2393339 
-8.298124E-02 
-.1677852 
-.1448245 
-.300291 
-.1833219 
-.1893399 
-.1687913 
-.2077431 
-.3258653 
-.2365573 
-.3284093 
-.421537 
-.4729785 
-.488042 
-.3919365 
-.5155596 
-.5254126 
-.3993047 
-.3639808 
-.2612192 
-.3267687 
-.468705 
-.4140626 
-.4030936 
-.3275136 
-.3710581 
-.315577 
-.4263441 
-.2740045 
-.312832 
-.1952856 
-.3077919 
-.3005746 
-.4559955 
-.358439 
-.230776 
-.2968467 
-.317125 
-.3044093 
-.4701376 
-.4008977 
-.2247747 
-.3612151 
-.254512 
-.4074126 
-.2348604 
-5.470699E-02 
 1.248617E-02 
 7.776684E-02 
-3.601697E-02 
-.1486788 
 1.784383E-02 
 8.545052E-02 
 .2177972 
 8.236706E-02 
-4.165555E-02 
-.1209453 
-.2815199 
-.3360521 
-.1875954 
-.273915 
-.1971139 
-7.682894E-02 
-.2191334 
-.1026738 
 8.920792E-03 
-9.524463E-02 
-.231153 
-.1822627 
-.3259025 
-.2750935 
-.2818014 
-.1203011 
-.2245406 
-.2896496 
-.2453146 
-.3276935 
-.3850033 
-.5175303 
-.6782734 
-.5022522 
-.4084029 
-.4236658 
-.4274425 
-.4308298 
-.2959749 
-.3197672 
-.2397764 
-.277159 
-.3099521 
-.3941591 
-.4797283 
-.6181738 
-.5017944 
-.3769536 
-.4262765 
-.4438099 
-.2605761 
-.1847638 
-.1835619 
-6.272171E-02 
-.1170594 
-.2355121 
-8.813689E-02 
-8.222905E-02 
 .0204693 
 6.000613E-02 
 4.597946E-03 
 .1659083 
 .1168762 
 4.545857E-02 
-5.387875E-02 
 4.307119E-02 
 .1794823 
 4.024042E-02 
 .1802295 
 .2183014 
 .3491401 
 .4302799 
 .3597196 
 .3643046 
 .4685551 
 .3360998 
 .4302587 
 .39486 
 .400541 
 .2411859 
 8.051166E-02 
 .1955973 
 .3598305 
 .1832596 
 .2334622 
 .3863083 
 .244253 
 .1979863 
 .1906435 
 .3256347 
 .202302 
 .3109566 
 .3566807 
 .2510454 
 8.671995E-02 
 .2282051 
 .2194031 
 .2735407 
 .1153239 
-5.725914E-02 
 .1032463 
-5.255774E-04 
 .1366444 
 .1143172 
-3.673391E-03 
-7.773603E-02 
 .0114575 
 .1346895 
 4.620916E-02 
-8.225411E-03 
 .1204465 
 .2426814 
 .2073427 
 .2356801 
 .1215609 
 .2736748 
 .1827148 
 9.905387E-03 
-5.239645E-02 
-1.613886E-02 
-5.801434E-02 
-6.983002E-03 
 7.765309E-02 
 .1494782 
 .0358329 
-.119481 
-.2051977 
-.3055292 
-.1319272 
-.2412869 
-.180934 
-3.377147E-02 
-.1126268 
-.1949045 
-.095545 
-2.961439E-03 
-.0415696 
-.160889 
-.1322339 
-.2616026 
-.3349548 
-.2021877 
-.1382433 
-.14696 
-.1202828 
-.2108139 
-.3745431 
-.4508186 
-.2818941 
-.4303383 
-.2967141 
-.4357939 
-.3482614 
-.4206531 
-.2664221 
-.4158508 
-.3714708 
-.3625928 
-.222743 
-.2364286 
-.1152388 
 1.483227E-03 
-.1483871 
-.1165161 
-.110962 
-6.193239E-03 
-.0302562 
 .1370039 
 8.65618E-03 
 6.869044E-02 
 .1342509 
 .2124139 
 .2059929 
 .3716421 
 .4858361 
 .3598312 
 .4083385 
 .3202804 
 .4417719 
 .5125145 
 .4632543 
 .3114588 
 .3450266 
 .1996263 
 .2552548 
 .1825932 
 3.402018E-02 
 7.957776E-02 
 9.462655E-02 
 .1200185 
 .236032 
 .3816533 
 .2714664 
 .1420965 
 .2140684 
 .3173199 
 .2468341 
 .3626842 
 .450858 
 .3987981 
 .4184745 
 .3631922 
 .3619005 
 .344236 
 .3661384 
 .453036 
 .3814266 
 .2892645 
 .4099007 
 .3157814 
 .1888961 
 6.570917E-02 
-2.613897E-02 
-.138478 
-.1267303 
 3.750457E-02 
-3.592805E-04 
-7.099858E-02 
-9.184233E-03 
-.1027419 
-3.291758E-02 
-9.200018E-02 
-.2473062 
-8.599685E-02 
-.1630708 
-9.813194E-02 
 7.825486E-02 
 3.436006E-02 
-1.347202E-02 
-2.783629E-02 
 4.938191E-02 
-3.711231E-02 
 9.383418E-02 
 .189724 
 .1726195 
 .0376815 
-6.833875E-02 
-.1557036 
 2.101876E-02 
-.1485695 
-.2051364 
-.126237 
-.1975997 
-.2567464 
-.3729967 
-.4257508 
-.423344 
-.2648694 
-.4193069 
-.3171725 
-.4581937 
-.4017161 
-.3266788 
-.2216972 
-.2493892 
-.1525582 
-.2628002 
-.1040074 
-.1628832 
-.3093439 
-.371814 
-.3104205 
-.4212276 
-.278942 
-.389737 
-.402883 
-.2441526 
-.2497395 
-7.298186E-02 
-9.515442E-02 
 6.599413E-05 
 .0744729 
-3.012282E-02 
-.1460929 
-8.624662E-02 
 8.486131E-02 
 .1782916 
 .1977289 
 .1523051 
 7.078993E-02 
 .1612977 
 6.593483E-02 
 .1335767 
 .1685593 
 5.521627E-02 
 .2141303 
 .3194326 
 .3676011 
 .2079209 
 .1907505 
 .0461623 
 .1008582 
 .1956497 
 .1756642 
-3.160115E-05 
 1.088959E-02 
 4.973583E-02 
 .175431 
 .1065722 
 2.729465E-02 
 6.615661E-02 
 1.747093E-02 
 3.273136E-02 
 7.960569E-02 
 .1321276 
 7.455382E-03 
 7.301892E-02 
 .2261717 
 .3154185 
 .4625687 
 .3290625 
 .2515453 
 .3243062 
 .2302142 
 .3824134 
 .530811 
 .6398748 
 .765031 
 .6379269 
 .7714477 
 .6177445 
 .7046673 
 .7677034 
 .9003606 
 .8641768 
 .9857438 
 .8464186 
 .8244243 
 .7609371 
 .7765769 
 .5955509 
 .5275797 
 .5942998 
 .4323221 
 .3303404 
 .171169 
 .2840255 
 .1731451 
 .2646667 
 .4247246 
 .5187027 
 .4992354 
 .5505345 
 .4593078 
 .3017307 
 .2384045 
 .1422795 
 .1171656 
 5.520039E-02 
 .1032821 
 7.612073E-02 
 .1934979 
 .1768344 
 .1545117 
 .1935171 
 .2486894 
 .4162887 
 .2448523 
 .2561651 
 9.424162E-02 
 .1304544 
 1.192371E-02 
 9.82111E-03 
-8.615833E-03 
 .1624572 
 .1932634 
 .2763995 
 .1949192 
 .3296276 
 .4428028 
 .3710386 
 .4893779 
 .4816802 
 .3686919 
 .4944296 
 .4778151 
 .6352116 
 .4553204 
 .6089808 
 .7159991 
 .6240553 
 .5059981 
 .4738218 
 .5268549 
 .4376142 
 .5893179 
 .4644606 
 .5071773 
 .3376507 
 .4604612 
 .2937538 
 .2817465 
 .2651517 
 .1223786 
-2.065633E-02 
-6.743988E-02 
-.2214712 
-5.452548E-02 
 .1185847 
 .1416157 
-3.458802E-02 
 7.650434E-03 
 9.392669E-02 
 5.284358E-02 
 7.508192E-02 
-4.427029E-02 
 1.562614E-02 
-8.539064E-02 
-5.073277E-02 
 7.350326E-02 
 8.941818E-02 
 .2501089 
 .1999165 
 .2389627 
 .1063887 
 .1871104 
 .2579025 
 .3821034 
 .4840781 
 .5297576 
 .4372994 
 .410038 
 .4318366 
 .2725323 
 .1323414 
 .2858714 
 .192943 
 .3202129 
 .3395236 
 .2259493 
 .3480694 
 .2395759 
 .1667553 
 4.704781E-03 
-1.367426E-02 
-.07268 
-2.868784E-02 
-7.273927E-02 
 8.109181E-02 
 .1602873 
 4.16015E-03 
-.0514216 
-9.080806E-02 
-6.358978E-02 
-.149966 
 5.258459E-03 
-2.392265E-02 
-9.880065E-02 
 5.239779E-02 
 .1228818 
 .2717026 
 .2589382 
 .190116 
 .290269 
 .1314901 
-1.196645E-02 
 5.895719E-02 
-4.034239E-02 
-8.613297E-02 
 1.016169E-02 
-8.890599E-02 
-.1434837 
-.2173048 
-.2173117 
-4.973835E-02 
 9.030037E-03 
 .1245084 
 .1108659 
 4.849296E-02 
 .1752872 
 .2036953 
 .1396782 
 .1545263 
-1.460299E-02 
 .1172735 
 9.537126E-02 
 .1161205 
-4.751806E-03 
-.11316 
-7.493089E-02 
-.2237018 
-4.662576E-02 
 .1073979 
 .2406434 
 .35777 
 .5061092 
 .4531589 
 .5609994 
 .5065689 
 .4775688 
 .5852143 
 .6829987 
 .7109475 
 .6626557 
 .51974 
 .5662017 
 .4238421 
 .2398108 
 .1660232 
 .1930288 
 .1352434 
 .1944713 
 .2067456 
 .1276142 
 2.494342E-02 
 3.12358E-03 
-1.905212E-02 
-6.420542E-02 
 .1062918 
 4.779832E-02 
-2.205106E-03 
 .1630811 
 8.892569E-02 
 4.161987E-03 
-8.868494E-02 
-.0284265 
-.0197915 
 .1318294 
 .111925 
 .1379303 
 7.046745E-02 
-4.350239E-02 
-.1864833 
-7.272043E-02 
-8.257332E-02 
-9.756151E-02 
-.1485716 
-.3024921 
-.1328877 
-9.785715E-02 
-.173802 
-.1802738 
-.2338668 
-.1093131 
-3.431018E-02 
 .100749 
-3.782423E-03 
-.1393833 
-.1466397 
-.2741414 
-.3868436 
-.3775614 
-.2510689 
-.1819927 
-8.200984E-02 
-.2364168 
-.3248838 
-.2837149 
-.1063591 
-5.848865E-03 
-.1183771 
-.0789993 
-2.195602E-02 
 .1283736 
 .1283506 
 .1345302 
 9.278803E-02 
 8.653482E-02 
 .1944715 
 .3306326 
 .3645744 
 .5170274 
 .3816912 
 .5091696 
 .6514049 
 .5943263 
 .7457483 
 .6935233 
 .7418537 
 .749429 
 .689756 
 .6702009 
 .739121 
 .7812049 
 .7702232 
 .5782357 
 .6161929 
 .7367766 
 .6599836 
 .6288465 
 .7549587 
 .7448519 
 .7144549 
 .5883123 
 .5963548 
 .4895962 
 .4821084 
 .5553854 
 .3859595 
 .3955381 
 .3676807 
 .3642309 
 .269719 
 .3144989 
 .2475065 
 .2896231 
 .3983846 
 .3310259 
 .2389454 
 .1014672 
 .2068865 
 .152057 
 .1758332 
 8.556816E-02 
 4.830334E-02 
 .182925 
 .1183127 
 1.941051E-02 
-.1271529 
-.1922909 
-3.231507E-02 
-.1946396 
-3.984828E-02 
-.1456584 
-.2392394 
-.1930777 
-.2961038 
-.2436357 
-.2358995 
-.3191524 
-.4461911 
-.3724559 
-.4852117 
-.5898666 
-.7416177 
-.8362697 
-.9112377 
-.892936 
-.816572 
-.7162523 
-.7108532 
-.7539669 
-.6551675 
-.4667645 
-.4666438 
-.5633835 
-.4522581 
-.5524522 
-.6590853 
-.5993781 
-.6800837 
-.5479399 
-.5427733 
-.6678172 
-.5752946 
-.4486611 
-.4887786 
-.5931569 
-.5103707 
-.4484098 
-.3005445 
-.1842952 
-.2750742 
-.1298667 
-1.122009E-02 
-.1378953 
-.2795172 
-.4182209 
-.4970759 
-.5807484 
-.715635 
-.6633725 
-.6472337 
-.7027635 
-.6482916 
-.8018944 
-.7981768 
-.9242288 
-.8877627 
-.8380752 
-.6731108 
-.6618258 
-.7358334 
-.5435461 
-.5887182 
-.5912613 
-.4277589 
-.438049 
-.334098 
-.4573315 
-.5391741 
-.4200065 
-.5561951 
-.6382601 
-.7799103 
-.8530954 
-.869353 
-.7758412 
-.7245496 
-.5684317 
-.4531619 
-.3968831 
-.3041811 
-.1312373 
-.2086777 
-.2696626 
-.2298892 
-6.701531E-02 
 9.017243E-02 
 .1624924 
 .1020307 
-3.406115E-02 
-3.030061E-02 
-.1737018 
-.2454923 
-.2950075 
-.1414215 
-1.329779E-02 
-.1134172 
-.2574559 
-.297096 
-.196602 
-3.086204E-02 
 2.103461E-02 
 1.212087E-02 
-6.909448E-02 
-.1590017 
-7.539098E-02 
 1.234238E-02 
-.1065977 
-3.258089E-02 
-.1543297 
-.2308371 
-.2314613 
-.293085 
-.1515204 
-8.537448E-02 
-2.985063E-02 
 9.342074E-02 
 3.286109E-02 
-2.131219E-02 
 .1058052 
 .2184024 
 .3259336 
 .4384619 
 .5015894 
 .4909368 
 .4394653 
 .4787187 
 .3280913 
 .2258534 
 .3146539 
 .1546817 
 .1085788 
-5.652149E-02 
 .0151806 
 9.544652E-03 
 8.601046E-02 
 .0655294 
 3.106745E-02 
 .1328993 
 .226126 
 .2473085 
 .196307 
 .0482761 
 6.955209E-02 
 4.603668E-02 
-2.696034E-03 
 4.483602E-02 
 8.009886E-02 
 8.901095E-02 
 .1543011 
-1.234007E-03 
-6.684233E-02 
-5.288098E-03 
 7.507782E-02 
 .1886469 
 .2328785 
 7.536776E-02 
 .1322708 
 .2722038 
 .4285663 
 .4658351 
 .4699102 
 .5489031 
 .4446125 
 .4722537 
 .4606763 
 .4542122 
 .3949597 
 .3277526 
 .2497148 
 .2239214 
 .3361689 
 .2807192 
 .1323804 
 .1834427 
 .2339645 
 .3276461 
 .2990537 
 .1334434 
 .1110275 
 .2100661 
 .2267765 
 .2233984 
 .337497 
 .3360657 
 .4563549 
 .400198 
 .2694989 
 .1302453 
 .2026673 
 .0673859 
-.0272123 
-.1701496 
-.1894684 
-.2333238 
-.1819338 
-5.729084E-02 
-3.046685E-02 
 .1337875 
 .2967224 
 .3093814 
 .2809353 
 .3094228 
 .3451279 
 .2408207 
 .3573111 
 .3046366 
 .3122261 
 .1319342 
 6.021828E-03 
 .1163438 
 9.856389E-02 
 .1968393 
 .1823057 
 2.997158E-02 
-6.304783E-02 
-.2256869 
-.3007147 
-.3378598 
-.3178969 
-.1965728 
-.3443182 
-.2665514 
-.1960895 
-.2814049 
-.2860419 
-.1827886 
-6.173071E-02 
 7.702164E-02 
 5.830858E-02 
-2.845103E-02 
-8.238501E-02 
 1.366701E-02 
 .1388087 
 2.137158E-02 
-7.883157E-03 
-7.237197E-02 
-.1857125 
-.1283338 
-.2990327 
-.2026023 
-.1915985 
-6.391578E-02 
 8.482496E-02 
 .1449584 
 .2996144 
 .181257 
 9.742666E-02 
 .2201479 
 .3769579 
 .4520809 
 .2879486 
 .2242963 
 .127626 
-3.854139E-02 
-.1782969 
-8.570179E-02 
-2.136229E-02 
 .1221052 
-9.950429E-03 
 .1344395 
 .1897481 
 .2832348 
 .1874106 
 .2277212 
 .2531115 
 9.538423E-02 
 9.297885E-02 
 .191624 
 .2165686 
 .3487584 
 .4504381 
 .5062069 
 .5213923 
 .3552583 
 .213884 
 .2495211 
 .2563821 
 .1555505 
 .2335871 
 .2844398 
 .4469417 
 .3956368 
 .2177773 
 .321814 
 .4099695 
 .4122509 
 .3170087 
 .2316802 
 8.567296E-02 
 .1423931 
 .2438464 
 8.429942E-02 
 .1703217 
 .323745 
 .3028289 
 .3969166 
 .4426964 
 .3220084 
 .1924943 
 .2941854 
 .3308869 
 .32548 
 .410163 
 .3893974 
 .3325224 
 .2709673 
 .2060005 
 .2921479 
 .3740305 
 .4082336 
 .3643099 
 .2146652 
 .1615848 
 5.532304E-02 
 .1185534 
 8.361351E-02 
-2.201239E-02 
 1.760891E-02 
 .1713113 
 .1576113 
 .2434466 
 .3976969 
 .2576426 
 .247993 
 .1499673 
 3.211522E-02 
 .128039 
 .2687508 
 .1230825 
 9.829599E-02 
 .1496348 
 .1522617 
 .2616475 
 .394534 
 .43108 
 .5062135 
 .6351529 
 .6608204 
 .7640636 
 .6640779 
 .5215968 
 .6042923 
 .4354435 
 .5360988 
 .3933026 
 .2495537 
 .1888089 
 .1069677 
-5.113968E-02 
 9.263743E-03 
 .1609014 
 .3294641 
 .3866036 
 .4424883 
 .3930346 
 .3347458 
 .3794774 
 .49291 
 .644799 
 .6810527 
 .820661 
 .8806862 
 .7853959 
 .6213626 
 .6798791 
 .6542923 
 .5328083 
 .4067669 
 .3031866 
 .393463 
 .5334368 
 .4472975 
 .3379327 
 .1841416 
 .1737423 
 .164086 
 9.480315E-02 
-7.614246E-02 
-.152995 
-.1209402 
 7.708634E-03 
-.127229 
-.2924713 
-.2859371 
-.1328799 
-3.912956E-02 
 9.095449E-02 
 .2027089 
 .2078032 
 .165625 
 .2738244 
 .3221175 
 .2194932 
 .3770037 
 .3107227 
 .3596515 
 .4619031 
 .4993274 
 .397378 
 .3589483 
 .3069776 
 .3828592 
 .5039613 
 .6620437 
 .6547768 
 .7991226 
 .7648726 
 .8334795 
 .9695334 
 1.056456 
 1.121283 
 1.084057 
 .9359186 
 .8613029 
 1.004581 
 1.029403 
 .9985621 
 .8282132 
 .9301555 
 .7485779 
 .6951999 
 .5754997 
 .4268 
 .4492145 
 .6042253 
 .4344037 
 .2768418 
 .2369691 
 .2927298 
 .3906965 
 .3982475 
 .2580787 
 .2062627 
 .166761 
 .3228323 
 .3205653 
 .3448544 
 .4441205 
 .5253161 
 .4327937 
 .2703257 
 .2363725 
 8.393921E-02 
-.0554062 
-6.822582E-02 
 3.423234E-02 
 5.966529E-02 
-8.855996E-02 
-.1167233 
-9.270488E-02 
-.0518974 
-.1652974 
-5.841502E-02 
 1.059442E-02 
 5.527702E-02 
-8.051733E-02 
-.1763557 
-.0314465 
 7.308125E-02 
 6.112065E-02 
 .1702821 
 .1191281 
 .254896 
 .4085844 
 .308951 
 .3618894 
 .3408527 
 .1686922 
 .3212347 
 .1517337 
 3.708751E-02 
 .1079532 
 .1731969 
 .2519175 
 .2515358 
 .2950433 
 .2234686 
 .333771 
 .3649688 
 .3452892 
 .4200899 
 .2710362 
 .2409354 
 .1872005 
 9.392574E-02 
 9.221403E-03 
-.1143954 
 1.966076E-02 
 .1911469 
 .1565681 
 .2479253 
 7.270643E-02 
 .1656772 
 .2448489 
 8.848776E-02 
 .110601 
-5.684447E-02 
-6.902304E-02 
-6.731867E-03 
 5.902737E-02 
-7.254382E-02 
-.2276438 
-.2240342 
-.1458963 
-1.377077E-02 
 4.628136E-02 
-6.88185E-03 
-9.932031E-02 
-.1837887 
-.0444189 
 8.380815E-02 
 7.003613E-02 
 6.509396E-02 
 .102942 
 .1346329 
 .2274186 
 .1465478 
 8.107911E-02 
 6.117579E-02 
 7.157077E-02 
 8.869481E-03 
 7.361743E-03 
-6.737021E-02 
-.1722459 
-.3178433 
-.3706345 
-.2409217 
-.1942974 
-.1003673 
-.0381846 
 9.046268E-02 
 .1386383 
 .1905188 
 .100694 
 9.187531E-02 
 .2416955 
 .2768674 
 .1403457 
 .2640768 
 9.717438E-02 
 .1985263 
 .1446359 
 5.393135E-03 
 8.470216E-02 
 .1528964 
 .3233008 
 .2761616 
 .2920372 
 .264305 
 .1797551 
 .1113119 
 .1941193 
 .1018157 
-5.595165E-02 
-1.279755E-02 
-.1292109 
-.2145604 
-.1967519 
-.3635811 
-.265362 
-.2739225 
-.3686362 
-.4214062 
-.566076 
-.7011364 
-.8378729 
-.6689509 
-.8117316 
-.6266048 
-.7805103 
-.8180656 
-.8974977 
-.8808069 
-.804533 
-.912412 
-.7474146 
-.7636173 
-.8614742 
-.9861506 
-.8267481 
-.8947631 
-.8621807 
-.8302521 
-.926859 
-.8012195 
-.6082056 
-.7490906 
-.8760736 
-.7396838 
-.6263194 
-.6675545 
-.601176 
-.7039802 
-.5183969 
-.5663631 
-.6993612 
-.5413024 
-.4001034 
-.3531395 
-.2781753 
-.1081758 
-.1968032 
-.348063 
-.194412 
-6.885041E-02 
-.177057 
-.0973083 
-3.673845E-02 
 6.798487E-03 
-.1604107 
 5.61468E-03 
 .145257 
 .0491093 
 4.535875E-02 
 .1748495 
 .1534393 
 .3224108 
 .2196666 
 .3434886 
 .1975461 
 .1408392 
 .1178595 
 .15561 
 .3038596 
 .438289 
 .5659449 
 .4324346 
 .551216 
 .6009341 
 .4412662 
 .3629898 
 .3644666 
 .4012104 
 .4627011 
 .3783356 
 .298735 
 .2605688 
 .2019796 
 .2447357 
 .2936269 
 .249808 
 .2334406 
 .1629303 
 .2493935 
 .3948558 
 .4089862 
 .2686453 
 .1777205 
 .3057667 
 .3523787 
 .2913053 
 .2450793 
 .184343 
 .3386627 
 .3738299 
 .2908794 
 .3594931 
 .4754503 
 .3229717 
 .3450165 
 .4886927 
 .3438025 
 .442437 
 .3335473 
 .4979486 
 .4224738 
 .3536408 
 .3516545 
 .4172536 
 .427578 
 .4790954 
 .4801612 
 .5560755 
 .5145698 
 .4718011 
 .5021558 
 .6215186 
 .4888145 
 .3266399 
 .2291964 
 .2165477 
 .1007763 
 .1938817 
 4.472429E-02 
-1.356929E-02 
 6.087619E-02 
-6.506687E-02 
-.1129109 
-.0660684 
 3.037144E-02 
 3.662883E-03 
-.0378747 
-.1418225 
-.181492 
-4.165727E-02 
-7.051567E-02 
-.2120531 
-.0365984 
-4.994286E-02 
 3.296631E-02 
-4.450935E-02 
-.1423493 
-9.700967E-02 
 6.628546E-02 
 .1420212 
 .2348307 
 .2441352 
 .2867728 
 .3127999 
 .3695437 
 .3551141 
 .1940101 
 .3036265 
 .3730287 
 .337316 
 .279184 
 .3985841 
 .2570133 
 .4094492 
 .5047286 
 .550307 
 .5528173 
 .5134946 
 .470726 
 .2859934 
 .1962886 
 .1327984 
 .2245777 
 .3753938 
 .4075388 
 .5555626 
 .4022889 
 .4435288 
 .5130407 
 .4116212 
 .4319472 
 .3648427 
 .3365508 
 .4974455 
 .6504783 
 .6758212 
 .6725633 
 .5349032 
 .4776471 
 .6244614 
 .4943802 
 .5105236 
 .4480159 
 .4199069 
 .4414341 
 .54914 
 .4569757 
 .5738469 
 .4151649 
 .362711 
 .4719365 
 .5928075 
 .468375 
 .6033748 
 .7452538 
 .7620395 
 .6095001 
 24 
 .8 
 1 
