 .3905887 
 .2852594 
-9.545319E-02 
-.2717969 
 .1749345 
-.462359 
 6.379557E-02 
 .3877026 
 .4303507 
-.2991993 
-.2468605 
 .2868267 
 .472054 
 9.294949E-02 
 .5691151 
 .7048005 
-.1496604 
 .4337851 
 6.304724E-02 
 5.965903E-02 
 .3320319 
-.339136 
-6.496345E-02 
-6.789351E-02 
-.2622965 
 7.66722E-03 
 .1710742 
-.1817007 
-.3404963 
 .2028798 
 .4686853 
 .3352191 
 .7175612 
 .8237336 
 .102851 
 .2721735 
 .6791484 
 4.986561E-02 
 6.325582E-02 
-.413714 
 .3581661 
 .3784033 
-.3587168 
-9.429764E-02 
-.4996381 
-.6989477 
-1.132474E-02 
-.2494951 
-.6387869 
-.5504501 
-.4087147 
-.4295335 
 .2927335 
 .6892317 
 .2330336 
-.1343308 
-.451332 
-.6071398 
-.1377255 
-.1706033 
-.1839947 
 .1486797 
-.1222854 
 8.953203E-02 
-.2860908 
-.4982806 
-.1548303 
-.5517824 
-.3234411 
 .2973104 
-.1213258 
 .2620179 
-5.997169E-03 
-.2409654 
 .3539883 
 .3260437 
 .3074323 
 7.277378E-02 
-.4184538 
-.1401679 
 .1499511 
 .5430436 
 .6503242 
-.2149213 
-5.840375E-02 
 .4416339 
 .1419165 
 .2722831 
 .1389178 
 8.500113E-02 
 6.172496E-04 
-.1654682 
-.1904019 
-.35572 
-.6806486 
-.6301304 
 .2269496 
-.3832918 
-.3157669 
-.3106237 
-.1667446 
-.4729451 
-.2653687 
-.4073046 
-.0579862 
 1.860391E-02 
-.3795477 
 .3063834 
 .3279878 
 .170881 
-3.847691E-02 
-.4634426 
 .0895827 
-8.698737E-04 
 .2865804 
 .2520088 
 .5024456 
-.29324 
-.4743005 
-.7191671 
-.8059629 
-.5933975 
-.717286 
-.9240555 
-.4204 
-3.251261E-02 
 3.353983E-02 
 .3871941 
-.2794364 
-.4882681 
-4.171669E-02 
-7.266627E-02 
-.198093 
-.4950477 
-1.627644E-02 
 .4769777 
 .2726704 
-.3279325 
 .1276211 
-4.724246E-02 
-6.675547E-02 
-4.224132E-02 
-.3519026 
-.3685831 
-.6420113 
-.219417 
-.483204 
 .2421909 
-.333795 
-.2304099 
-.3720863 
 .2354455 
 .4013436 
-5.621462E-02 
 .1683515 
-.1911672 
-.5595627 
-.8104501 
-.6057971 
 2.534481E-02 
-.216704 
-.4078459 
-.2260133 
-.3906429 
-.3756545 
-.7026759 
-.3712183 
-.5182127 
 .1533173 
 .1769305 
 .3768611 
 .672525 
 .1450799 
 .1211223 
-.4138324 
-5.489172E-02 
-.1292277 
 .4562951 
-.2078564 
 .3751453 
 .3235743 
-1.049077E-02 
-.4020785 
-.2236913 
-.429298 
 .3439442 
-.2461594 
-.6560846 
-.5029617 
-.1975501 
 .3797434 
 .2331425 
 1.069904E-02 
 .398213 
 .5681885 
 .4791738 
 .4906326 
 .807349 
 .2224357 
 .1058001 
-4.556566E-02 
 .1981533 
-.2639923 
-.2192042 
-6.075289E-02 
 .3256252 
 .209101 
 2.256383E-02 
 2.154133E-02 
-.2972093 
-1.375927E-02 
-1.838519E-02 
 .1953812 
 .5350786 
 .1210442 
-.1629264 
-.3158076 
-.5535314 
-.2430269 
-.434607 
-.1216695 
-.2153136 
 .31771 
 .1339809 
-.2830179 
 6.673378E-02 
 .3132859 
 .2855456 
 .4619763 
-.1517052 
 .2723605 
-.2002687 
 .4166333 
-.2828668 
-.6375144 
 1.295802E-02 
-.1297327 
-.1060664 
-.48347 
-.6767809 
-.7074738 
-.864982 
-.1894541 
-5.736651E-02 
 4.034087E-02 
-.300309 
-.186352 
 .1855426 
 .3782285 
 7.476917E-02 
 .4934388 
 .5250444 
-.2029696 
 5.076508E-02 
 .2663962 
-.4147447 
-.2852736 
-.2535309 
-.3809896 
 .3586431 
 .5216601 
 .4826928 
 .1481205 
 .3393534 
-8.242851E-02 
-.2034684 
-.1770188 
 .4149178 
-.2207084 
 5.477087E-02 
-.1447722 
-.5199199 
-.6158864 
-.7857384 
-.4689431 
 .2851341 
 .1901177 
 8.869686E-02 
 .5794491 
-2.954848E-02 
-.15168 
-.1936788 
-.34404 
-.1682059 
-.4928307 
-.2268926 
 .4130535 
 .2715817 
 .5987525 
 .4772916 
 .1720246 
 .3043607 
-.3405417 
 .1194649 
 .2865885 
 .1399804 
-.3198398 
-.4724752 
-.4329332 
 .1053955 
-.4561218 
-.2076782 
 .1869566 
 .4336474 
 1.906624E-02 
 .544365 
 .6164215 
 .5060039 
 .7113535 
 .7808229 
 .2961099 
-.2783782 
 .374632 
 .5236695 
 .4839059 
 .1306312 
-.4819311 
-.616849 
-.6883002 
-.3331531 
-.2728545 
-.582036 
-.5443056 
-.1103138 
 .3398046 
 .1676047 
-.2694398 
 .3140006 
 1.310612E-02 
-.1930719 
 .2098764 
-.214108 
-.1670243 
-.3821626 
 .237012 
 .2434465 
-2.034052E-02 
-.1351846 
 .3403679 
 .2674116 
 .6219596 
 .3304308 
-2.677733E-02 
 .4034691 
-7.085685E-02 
-.3074763 
-.5172549 
-.4317757 
-.7787384 
-.1151905 
 .3280745 
-8.646024E-02 
 .1864044 
-1.443121E-02 
 .3452871 
 .4461872 
 .1525684 
-.4011763 
-.3016969 
-.3325747 
 .0719276 
-.176408 
 .2498197 
-.269083 
-2.933394E-02 
 .5015061 
-3.984196E-02 
 .4778495 
-.1974079 
 .4491661 
 .375028 
 .2993572 
 .6051342 
 .3872671 
-9.466925E-02 
 .3601426 
-.3008175 
-.2196188 
 .1843233 
-.1955699 
-.2351264 
-.2338188 
-8.684529E-02 
-.3032315 
-5.977516E-02 
-.3583257 
-.6557993 
 .1194967 
-.3798651 
-.017538 
 .4441571 
-8.158518E-02 
 .4682174 
 .625775 
 .2463813 
 .1141467 
 .3619855 
 .5598813 
 .147083 
-.2709215 
-.3321414 
-.2642362 
-.5250695 
-.1269609 
-.5166963 
-.5920492 
-7.821561E-02 
-3.406293E-02 
-.37559 
 .3681634 
 .1517148 
-.4852803 
-.3265321 
-.4023051 
 8.456668E-02 
 .4849654 
 .6067066 
-6.220749E-02 
-.473712 
-.7908958 
-.789553 
-.533474 
-.6195756 
 .2327396 
 .5373734 
 .3608965 
 .439997 
-.1816377 
-.3648482 
-.7161518 
 1.289946E-02 
 .3270508 
 .4929302 
 5.717715E-02 
-2.691391E-02 
 4.889658E-02 
 .3676274 
 .2562092 
-.2072538 
-.4344469 
-.3703115 
-.1019779 
-.2272782 
-.0817009 
-.1251545 
 2.002792E-02 
-.499052 
-.1956728 
-.4299103 
 .3085056 
 .6441956 
 .8793797 
 .8238877 
 .3093548 
 .5000572 
 .8037534 
 .1285851 
-.3039867 
 6.817991E-02 
-.5123749 
-.4382356 
-1.274739E-03 
-.4414343 
-.6622476 
-.5680583 
-.3984352 
-.1324416 
-.2801046 
-.3713263 
 .1627323 
-.134027 
-.2075116 
-.2157204 
 .2784211 
 .0369314 
 .272525 
 .3158826 
 5.202426E-02 
 .5355032 
 .4324463 
 .2344248 
-.1958117 
-4.275649E-03 
 .2790448 
 9.027427E-02 
 .5026338 
 5.826112E-03 
 .1924611 
 .5376092 
 2.146593E-02 
-.1385446 
-.6188684 
-.541751 
 .2767601 
 .4339879 
 .3084975 
 .2738046 
-.1255262 
-5.352369E-02 
 .3054049 
 .5570672 
-.1817617 
-4.350646E-02 
-.1174939 
-.5414225 
-.3257222 
 6.215775E-02 
 .0302383 
-9.017285E-02 
 .4584553 
 .7775462 
 .4922282 
 .2823063 
 .2713418 
-.3291488 
-.521607 
-.5056778 
-.7972445 
-.7916607 
-.486214 
-.1883217 
-2.803808E-02 
 .3039036 
-.3651438 
-.2892094 
-.6435488 
-.5346563 
-.1507475 
-5.535622E-02 
 8.142875E-02 
-.1520425 
 .387047 
 .4990749 
 .335379 
 9.030384E-02 
 .3082235 
-.2272258 
-.6118495 
-.5963356 
-5.624222E-03 
 .5077162 
 7.887472E-02 
 .2478945 
 .4537011 
-.298739 
 .1834499 
 7.304411E-02 
-.2955369 
-.0322509 
 .4464682 
 .7270115 
 .537055 
-.2806605 
 4.286603E-02 
 .5471913 
-.2814341 
 .372471 
-.2961423 
-.3819259 
-9.764247E-02 
 .2995128 
-.3703232 
-.6890192 
-.2717549 
-.3453932 
-.2718556 
-.1245604 
 .201907 
 4.551561E-02 
-.1781759 
-.5709299 
-.3886901 
-.1118075 
 .2421221 
 .2120087 
 .277844 
 .4870327 
 .1494757 
 .4107692 
 .455422 
 .4464656 
 .4843912 
-.1059193 
 .2566355 
-.3583402 
-.4641969 
 .2774862 
 .5006498 
-6.705924E-02 
-.3907892 
-.4930352 
 .2348247 
-.1569404 
-.3546252 
 6.535101E-02 
 .2192065 
 .4183354 
 .5020184 
 3.431262E-02 
 .3843819 
 .439727 
 .6678526 
 2.000715E-02 
-.1528384 
-.0161147 
-.1714527 
-.4202663 
-.1208016 
 8.666311E-02 
-.3645978 
-.6789976 
-.187679 
 .2891952 
 .3040339 
 6.708395E-02 
-.3204552 
-.1653396 
 .4526168 
 .5310656 
 .1304384 
 4.780519E-02 
 7.708997E-02 
 .2353461 
-.4048031 
-3.519023E-02 
 .434377 
 3.660873E-02 
-.4147355 
-.2916163 
 .1614682 
-7.980263E-02 
-.1394659 
 .210364 
 3.343422E-02 
 .2654299 
 .1403421 
-.2991725 
-.4006859 
-.6673079 
 .2081953 
-.1407488 
 6.324101E-02 
-.1871533 
 .3050162 
-5.230657E-02 
 .3080507 
-.2143524 
-.3334138 
-.6501151 
-.3325716 
-.2196546 
 8.155721E-04 
-.5310376 
-.47115 
-.6478055 
-.5196764 
 3.432992E-02 
 .1611869 
 .6051028 
 .6732694 
 .3977457 
 .3197676 
-.1905994 
 .3595072 
-2.548915E-02 
 .1009441 
 .1605105 
 .3823714 
 .4343479 
 .4288637 
 .5091453 
-1.915699E-02 
 4.668451E-02 
 3.365637E-02 
 9.061848E-02 
-.2017709 
-.1961102 
-.2671879 
 .4003685 
 .2213067 
 .2043611 
 .0625847 
-.4981457 
-.3873912 
-.6036048 
-.1273702 
-.4560087 
-.5696771 
-.4258083 
-.6704473 
-.204679 
 .1266571 
-5.033348E-03 
-9.203409E-02 
-.2315123 
 .1114616 
-.2688686 
-.6504155 
 .1115763 
-.4610237 
-.2772337 
 .1317618 
 .3546752 
 .5422936 
-5.731903E-02 
-6.403071E-02 
 .3843338 
 .5636433 
 .1804533 
 4.780042E-02 
-.1470841 
-.3572105 
 .1687723 
 .1345187 
 .1105351 
 .1985943 
-.3666812 
 5.544285E-02 
-.2460872 
-.6235974 
-.5661174 
 .2380509 
-.0767223 
 .1287399 
-9.009939E-02 
-.1922332 
-.2920195 
-.4687225 
-.5598217 
-.3668352 
-5.048363E-02 
-.3177229 
 5.171187E-02 
 .1275997 
 .1801181 
-.3865279 
-.7084135 
-.7465559 
-.6603909 
-.4447405 
-.1274177 
-.3039795 
 .2285748 
 .5646673 
 .3124475 
 2.898621E-02 
-.5481208 
-.5559192 
-.6594145 
-.1655079 
 .4616015 
 1.800321E-02 
-.2843646 
 .2861476 
-.2759387 
-5.900415E-02 
 9.148473E-02 
 .1704156 
 .3045425 
 .548277 
-.1811746 
-.2100078 
 .2602106 
-.1322232 
 .1357632 
-4.955661E-02 
 .353548 
 .1007766 
 .4304837 
-.102916 
 .2100432 
 .5565525 
-4.115842E-02 
 .5249022 
 .7893593 
 .814825 
 .4332127 
 .3873622 
 .1446713 
-.3162344 
 3.742221E-03 
 .1293276 
 .4651314 
 8.241037E-02 
-.4643945 
-.2256174 
-.616703 
-.4498285 
-.2800805 
-.3685816 
 .3455964 
-.3783216 
-1.943498E-02 
 .1192751 
 9.724766E-02 
-.4837963 
 3.48244E-03 
-.2086493 
 .4401636 
-1.631586E-02 
-.1611181 
-.2822647 
-.3063273 
-.4522669 
-.1210947 
 .1683178 
-.1781248 
-3.815239E-03 
 8.504153E-02 
 .597725 
 .7869349 
 .1105944 
 .4060889 
 .508376 
 .1497566 
 .2218705 
 .1037997 
 5.022133E-02 
-.389927 
 .3361159 
-.1966725 
 2.984012E-03 
 .2069167 
-.3382701 
 1.66327E-03 
 .2702379 
 .4519659 
 .1485319 
-.3978161 
-.1992446 
-1.514842E-02 
-.5057425 
-.3519331 
-.6078682 
-.704409 
-.5619764 
 .2742118 
 .2551339 
-.1270324 
-.1582114 
-.1130324 
-.5506884 
-.322727 
-.2321972 
 .3874413 
-6.304893E-02 
-.4008253 
-.193519 
-.2735916 
-.1221497 
-.1781622 
-.3612546 
-.6701351 
-.1754036 
-.2407139 
-6.792849E-02 
 .3978235 
 .1118234 
 .1628212 
-5.344753E-02 
-.527668 
-.7057045 
-.7535281 
-.7784539 
-9.492396E-02 
-.3137456 
-.5658563 
-.80084 
-.1825437 
 .2984748 
 .1688685 
 .4243719 
 .7592422 
 .4074516 
-.2849233 
-9.7993E-04 
-.1935585 
-.3474787 
 3.316084E-02 
-9.425116E-02 
-.1779315 
-.4223207 
 .2141517 
-.287484 
-.2550422 
-4.254781E-03 
 5.349027E-02 
 .2863446 
-.2829917 
-.339525 
-.7266093 
-4.264126E-02 
 .4556715 
 9.910999E-04 
-.3094247 
 .3579446 
-.1727516 
-.180136 
-.2454335 
-.3209352 
 .382169 
 .2805114 
 .1703333 
-.3288099 
 .2866347 
-.3871208 
 .1374392 
 .316727 
-.1311015 
 .4347682 
 .1798546 
 .3433632 
 .0551374 
-.2756509 
-2.168061E-02 
 4.701396E-02 
-1.977345E-02 
 .1590174 
 .3804925 
-.3017207 
-.538663 
-.7216563 
-.8685241 
-.3825853 
 .3258907 
-.146908 
-.2470434 
 .3182282 
 .1372259 
-.2346271 
 .2784209 
-.3489178 
-.5895218 
 .2304555 
 .4930087 
 .6124277 
 .8681208 
 .1389152 
 .2536346 
 .2694945 
 .6672961 
 .2439683 
-.3795647 
 .2381622 
-.2624533 
-.4150833 
-8.540425E-02 
-.1950701 
-6.478555E-02 
 .4409613 
 .2732369 
 .6567089 
 .6277388 
 .2063563 
 .3928957 
 .2799344 
 7.779475E-02 
-.4752224 
-.7596247 
-.534604 
-.3623501 
-.3334364 
-1.841711E-02 
-.3715453 
-.2600548 
-.5188773 
 .2729722 
-.1183698 
-.5583847 
 6.560832E-02 
 .2704134 
-.1453681 
 .2557451 
 .5466955 
 .8206013 
 .1512438 
 3.372874E-02 
 .4840606 
 .7206753 
 .3604158 
 .6151956 
 .3896198 
 .1067857 
 .4146713 
 .4638745 
 .6794344 
-5.227549E-02 
 .2838893 
 .3304382 
 .6337227 
 .6940807 
 .661063 
 .6432114 
 .2918731 
 .4149969 
 .2805887 
-.2392707 
-.3328889 
-.202807 
 .3446434 
 .5866659 
 .1624528 
 .6078781 
 .3074952 
 .7014925 
 .2906084 
 .4611102 
 1.397688E-02 
-.4694901 
 .1949141 
 .1871092 
 .5026813 
 .601602 
 .6038565 
 .7816114 
-.1179779 
 .3085555 
-.153296 
-.3313776 
-.6718276 
 .1200947 
 .6120991 
 3.708657E-02 
 6.361378E-02 
-.1457557 
-.3974403 
-.5367233 
-.6876459 
-.2251656 
-1.517158E-02 
 .3962865 
-.2677183 
-.4729198 
-8.481453E-02 
-8.711854E-02 
-.285926 
 .2343603 
-.1012346 
 .4859028 
 .1265804 
 .3932539 
 .5426215 
 .3931957 
 3.393871E-02 
 .1137378 
 .2387292 
 .2135421 
-.3923343 
 .1887463 
-.4045195 
-.5967686 
-.5067195 
-.32616 
-.2497786 
 .2783329 
-.3628623 
 .2680478 
-.1602652 
-.5862959 
 2.406765E-02 
-.5121248 
-.6675121 
-.1423417 
-.3393908 
 .2175152 
-.2191448 
-.4193257 
-.2027015 
 3.401159E-02 
 .1377749 
-.3834177 
 .3094755 
 2.194227E-02 
-.1617354 
-.6015397 
 .1406264 
 6.302038E-02 
-7.327665E-02 
 .451232 
-5.582224E-02 
 3.324766E-02 
-.4987445 
 .1060237 
 .0190127 
 6.114251E-02 
-.1090287 
-.4538113 
 3.680947E-02 
-.2980199 
-.4768309 
-.4384801 
-.3054582 
 .1201979 
-.3715899 
-.2584904 
 .237975 
 .2019165 
 .4052677 
-3.048529E-02 
-.5011391 
-.1105094 
-5.243533E-02 
 .1868951 
-.073587 
 .1137047 
-.3271295 
 .2965135 
 7.419003E-04 
 .3566464 
-.201786 
-.1018322 
-.5784499 
-9.061157E-03 
 .3809307 
-4.193629E-02 
-.1101647 
-3.893748E-02 
-.5807152 
-.1030956 
 .4876321 
-.216203 
 .2092025 
-.4111216 
 .3215296 
 .7261351 
 .5765381 
 .5008526 
-.1122371 
-.4241406 
 .3159312 
 .3785121 
 .6249916 
-.1092604 
-.4501173 
-.4853565 
-.7727157 
-.5853713 
 .161945 
-.2136489 
 .1204588 
 .43453 
-.2500651 
 .2351278 
 .4711623 
-.1013486 
-.4987285 
-.1091689 
-.5345779 
-.128365 
-.1076731 
 .4473616 
-.123705 
-.2906441 
-2.451602E-02 
-.2986697 
-.3610014 
-.6405022 
-.8821876 
 7.582752E-02 
 .3024041 
 6.944298E-02 
-1.101364E-02 
-5.027851E-02 
 .3779103 
 8.843752E-02 
 .278216 
-1.017541E-03 
-.1287138 
-.3618037 
-.4894213 
-.7313847 
-3.733866E-02 
 .3463112 
-.0165173 
-9.879036E-02 
 .5094407 
 .4798529 
 .2292154 
 .4917792 
 6.480457E-02 
-.3607971 
 .278675 
 .1515189 
 .4021384 
 .3308395 
-9.432804E-03 
 .518508 
 .1134406 
-.1655282 
-.4011557 
 .1094098 
 .5002641 
-.1870082 
 .3634285 
 .3193665 
 .6010337 
 .5911198 
 .1008672 
 .0937333 
 .4135782 
-.1855004 
 .2390215 
 3.878651E-02 
 .0690237 
-.4503456 
-.7269045 
 1.594383E-02 
 .55577 
-.2659934 
 4.421459E-02 
 .5359895 
-.1619135 
-.2116129 
-.1139547 
 .3956461 
-.1761958 
 .2800815 
 .312831 
-.1577858 
-.5916798 
 .1696166 
 7.431925E-02 
 .2299832 
-.3762169 
-.7383905 
 .1465298 
-.2549321 
 .3171061 
 9.698588E-02 
-.3249165 
-.4028105 
 .0815553 
 .4411197 
-5.558651E-02 
-.2005808 
 .316128 
 .5637903 
 .1865363 
 .201511 
-.2505109 
 .377407 
-8.449242E-02 
-.5879345 
-.4951253 
-.1341819 
-.2040993 
 5.877354E-02 
 .3031686 
 .3905324 
-.1612788 
-.5812309 
-.5778976 
-.6303791 
 .2233585 
-.2532221 
 4.993765E-02 
 .4876677 
-1.443253E-02 
-.2828097 
 .1652439 
 .3751628 
 .0622053 
-.3589379 
-9.930747E-02 
-.4794349 
-.4981581 
 .1547832 
 .2686722 
 9.515354E-02 
 .122428 
-.2417367 
-.6682355 
-.6109624 
 .206419 
-.4002332 
 .1989828 
-.3747702 
 .0618848 
-.2312361 
 .3510407 
-.3298905 
-5.397072E-02 
-2.757636E-02 
 .4108464 
 .1434541 
 .4458525 
 .592151 
-.1895871 
-3.219979E-03 
 7.181169E-03 
 .334409 
 8.871876E-02 
 .5841135 
-.1131302 
 .1387104 
 .287289 
 .4076104 
 .1997853 
 .6531023 
 .726073 
-.0069787 
 .1821861 
-.1620508 
 .3380896 
 .4332702 
 9.748434E-02 
-.4066545 
-6.989995E-02 
-.478964 
-.0433897 
-.2370357 
-.5856574 
-.1424718 
-1.616657E-02 
 8.170151E-02 
 .4263774 
 .7038561 
 2.494788E-02 
-.3853961 
 5.182078E-02 
 .3775067 
-1.462854E-02 
 .3877087 
 .5083278 
 .1210639 
 .1558376 
-6.818634E-02 
-9.567141E-03 
-3.342927E-02 
 8.149258E-02 
 .3513563 
-2.061645E-02 
-.2788818 
 .2744496 
-.1354417 
-.454034 
-.6113735 
-.5982025 
-.665296 
-.3055176 
 .3695626 
 6.501687E-02 
-.1964856 
 9.650525E-02 
-.2557251 
 9.033895E-02 
-.1489394 
-.5851417 
 .2107355 
-.1512535 
 .1219701 
 .6249557 
 .1763867 
-6.413003E-02 
-7.968947E-02 
 .2082446 
-.1723304 
 .3353422 
 .4859004 
 .2025078 
-.3224787 
-.5019075 
-.5395352 
 .2907393 
-.4026609 
-.3964283 
 4.130778E-02 
-.2206363 
-.3176541 
-.5559307 
-.478447 
-.2650808 
 .3476605 
-.3476933 
 .1240562 
-.4201435 
-6.323227E-02 
 .1798462 
 .4043774 
 9.490287E-02 
 .3415972 
-.1985933 
 .3946277 
-1.744764E-03 
-.4884777 
-.4711809 
-6.598802E-02 
-.4166979 
 .2195451 
-.2714032 
-.2091237 
 .378086 
 .1516318 
 .629003 
 .2368631 
 .4195502 
 .450958 
-.1076631 
-.4321109 
-.0336232 
 .530988 
 .5750418 
 .3646188 
 5.070757E-02 
-.2268234 
 .1855507 
-.2035759 
 .1226746 
 .1852878 
-.2614131 
 .3887522 
 .5526245 
 .457696 
-.2596675 
-.1690512 
-.5381043 
-8.811485E-02 
 .2711668 
 8.627146E-02 
-.5124658 
-.2208362 
 1.635646E-02 
 .4195304 
 4.397339E-04 
-.2483199 
 3.962496E-03 
-.1505952 
-2.445225E-02 
 .1422969 
 .247683 
-.2698174 
 7.819409E-02 
 .5412891 
 .5778036 
 .790801 
-7.685961E-04 
-.2256285 
 .1429143 
-.2078876 
 .4075845 
 .7150308 
 .7529921 
 .8327559 
 .0648718 
 .5156541 
-.1793882 
 .2408888 
 .3804743 
 .6809157 
 .2943537 
 .6095355 
-6.890185E-02 
-3.882678E-02 
-.1600201 
 3.084117E-02 
-.5099515 
-.4282106 
 4.386558E-02 
-.4561074 
-.5244326 
-.7520283 
 3.323721E-03 
-.3352847 
 .1426984 
 .6110739 
 .643729 
 .2997715 
 .3556314 
-7.435722E-02 
-.5116272 
-.4372212 
-.5113364 
-.3258225 
-.3544985 
-1.703647E-02 
-8.839204E-02 
 .3422806 
 .1324257 
 7.837364E-03 
 .1425635 
 .2654126 
 .6956121 
-.1749662 
-3.145712E-02 
-.5203251 
-.1353344 
-.4415514 
-.2266483 
-.172308 
 .4676697 
 .3465313 
 .4580165 
-1.324525E-02 
 .445422 
 .6156092 
 .1101993 
 .46801 
 .2477432 
-.2042812 
 .3345649 
 .1525173 
 .6242082 
-.2207659 
 .4236784 
 .6068652 
 6.201688E-02 
-.3023185 
-.2154507 
 .1016315 
-.1967919 
 .4279231 
-.1441529 
 .1031013 
-.4578457 
 .1958405 
-.4060315 
-.218712 
-.1408713 
-.512249 
-.7100738 
-.508311 
-.7587543 
 .144241 
 .6289179 
 .3984849 
-.3606969 
-4.617391E-02 
 .2571681 
 2.845493E-03 
 7.768231E-02 
-.3420835 
 1.960272E-02 
-.3163925 
-.0526092 
 .3723752 
 .2435841 
 .6497135 
 .1819392 
 .2333364 
-.294157 
 .1229784 
 .3057425 
 .5758368 
 .6486605 
 .5106624 
-2.475558E-03 
-5.502957E-02 
 7.555813E-02 
-.4444398 
-.65508 
 .1805646 
-.1883296 
 .333613 
 .254714 
-.2139338 
 .3067282 
-.1707824 
-.3024869 
-.6633202 
-.3908608 
-.3877688 
-5.703695E-02 
-.1735719 
 .4060815 
 .4661508 
-.2603132 
-.3099868 
-.2867233 
-6.231711E-02 
-.3161599 
 .3331985 
 7.242925E-02 
-.2083813 
 .3780832 
 .4216464 
 .7029157 
 .3315641 
-3.682296E-02 
 .3212479 
-.3310838 
-.6201373 
-8.112743E-02 
-.3577659 
-.3304949 
 .1400664 
-.250275 
-.3090706 
-.4051577 
-.2197808 
 .416091 
 .3946013 
 .5723186 
 .2517827 
-6.751556E-02 
 .3810587 
 .2964669 
-4.316383E-02 
 3.758828E-02 
-.517194 
 .1677043 
 2.213097E-02 
 8.586036E-02 
-.3396772 
-.5216015 
-.1458334 
-.5610567 
 .2757491 
 .6334305 
 .7570992 
 .7772205 
 .8977116 
 .3172378 
 .5439912 
 .1399192 
 1.600838E-02 
 .3946743 
 .5605544 
 .4248646 
 .1121077 
-.3547961 
 1.428863E-02 
-.4095287 
-.7677637 
-.6040934 
-.2013872 
-.272735 
 6.630181E-02 
 8.831047E-02 
-.1959916 
-.4206974 
-.2791021 
-.211183 
-.2534546 
 .4208352 
 .0292239 
-.1436871 
 .4637302 
 4.395162E-03 
-.2655197 
-.4333788 
-.0283828 
 1.155021E-02 
 .4956644 
 .1937374 
 .1900092 
-.1127608 
-.4202238 
-.6770001 
 1.550071E-02 
-.0299352 
-7.007734E-02 
-.2080925 
-.6146995 
 .2184806 
 .2122804 
-.1477587 
-.1085969 
-.2422631 
 .2640998 
 .3665174 
 .6183182 
-2.169724E-02 
-.4506756 
-.2598772 
-.5548073 
-.6643818 
-.332687 
 .2138121 
 .3109566 
 .4651683 
-.2743838 
-.4426337 
-.1135589 
 .4956605 
 .5652091 
-8.259952E-02 
 7.697833E-02 
 .2171401 
 .5941028 
 .3071258 
 .1837399 
-3.279482E-02 
-2.933062E-02 
 .3420348 
 .6277354 
 .4500233 
 .7479848 
-2.380297E-02 
 .4314743 
 .7170225 
 .2249984 
 .6502945 
 .2148252 
 .3188952 
 .2426504 
-1.284748E-02 
-1.527809E-02 
 .2687378 
 .3292098 
 .1907691 
-.4660197 
-6.426433E-02 
 .4074343 
 1.305281E-02 
-.042223 
 .4373748 
 .2456126 
 8.316525E-02 
-.3108051 
-8.282412E-02 
-.3403065 
-.1557176 
 .1977707 
-.4063737 
-.1416266 
-.1298384 
-4.703341E-02 
-.3010665 
 1.593668E-02 
-.1843133 
 6.392464E-02 
 .4073914 
 1.685853E-02 
-.2638645 
-.5586549 
 7.039355E-02 
-.1261681 
 2.600368E-02 
-.2656765 
-.2468612 
 .3167419 
-3.659762E-02 
-.3295204 
-.6382868 
-.5403295 
 .2331684 
-.4121187 
 .2802835 
-.2059746 
-.4178299 
-7.820293E-02 
-.3883077 
-4.749628E-02 
-1.793343E-02 
-.2974668 
-.5857397 
-.0891437 
-.4394964 
-.5973291 
-.8371736 
-.7840158 
-.7011171 
-.3632761 
-4.709418E-03 
 .258259 
 .0900053 
-.1509414 
 .185165 
 .651464 
 .2892224 
-.205846 
 .2127323 
-.2541506 
-.5163839 
-.1167664 
-.367362 
 .1908759 
 .0688661 
-.4137859 
 4.020794E-02 
 .3850844 
 2.703838E-02 
-.3634472 
 3.972099E-02 
 .1803481 
 .5340053 
 .6200453 
 1.207563E-03 
 .4495234 
 .5990683 
-.1119498 
-.5259205 
-.7346429 
-.6559801 
-.6384982 
-.8023739 
-.2883626 
-.1443141 
-.3033161 
-3.065486E-02 
-.5644573 
-.333574 
-.6384652 
-.2741005 
-4.618002E-02 
 .445359 
 .206044 
-.1891833 
 .470503 
 4.586253E-02 
-3.185384E-02 
 .4672956 
 .1664769 
 .3855477 
-.2330802 
-.4179743 
 .1346495 
-.4073125 
-.5136276 
-.7664081 
-.6820788 
-.4611789 
 3.785215E-03 
 .1068101 
 .5021545 
 .5797668 
 .4364763 
 .4873402 
 .7801909 
 .12871 
-.1498148 
 3.269296E-02 
 .5261008 
 .7672505 
 .6251671 
 .1294532 
-.3683264 
-.1746668 
-.5545402 
-.5236995 
-.4417527 
 .2536248 
 .5309238 
-6.010997E-02 
-.505899 
-.4017898 
 .1013522 
 .5723519 
 .4519505 
 .1987458 
-.162915 
-.3783393 
 6.927052E-02 
 .3130482 
-.2280247 
 .1174736 
-.3384675 
-.4294208 
-.2349828 
-.3355331 
 .2679213 
 .336383 
 .3414135 
 .5679106 
 9.504676E-02 
-.1254724 
 .3476089 
 .5471344 
 .6393778 
 .7101982 
 .5943798 
 .3023156 
 2.313332E-02 
 .1735429 
-.3636162 
-.4872574 
 6.205856E-02 
-.4626184 
-.3685157 
-.7108191 
-.1274675 
-8.080161E-02 
 .208205 
 4.451625E-02 
-8.426403E-02 
 .2903951 
 .4578831 
 .3154779 
 1.197748E-02 
-.4583094 
-.1563755 
-.1489105 
-.2287748 
 3.946676E-02 
 .1375766 
 .1040078 
 .2706679 
-.3566087 
-.3910604 
-1.296703E-03 
 .2594264 
 .5037641 
 .4101653 
-.2870517 
 4.687433E-02 
 .4874638 
 .7720747 
 .5407189 
 .3203959 
 .45339 
-6.795114E-02 
 9.076838E-02 
 4.519321E-02 
 3.806369E-02 
-.1371166 
-.2551748 
-.3546228 
-.2411745 
 .2609466 
-2.268112E-02 
-.4699636 
-.059006 
 .1487574 
 .3965288 
 .1314895 
-.4474116 
-.2858135 
 .186888 
 .1642151 
 8.908647E-02 
 .432036 
 .2380604 
 .5354958 
 .1218029 
-.3310997 
-.5956116 
-5.276498E-02 
-.4488526 
-.5257234 
-.7283207 
-.4402305 
-.3772441 
-4.049566E-02 
 .3693785 
 .2671055 
 .6635475 
 .8704773 
 .4997284 
 .1821198 
 .205607 
 .242998 
-.1893108 
 .3019674 
 8.495969E-03 
 5.293185E-02 
-.5332369 
-.6643123 
 2.591046E-02 
-3.547777E-02 
 .3085968 
 .1227518 
-.4179775 
-.5081263 
-.7862153 
-.65414 
-.4712433 
-.1976252 
 .2693074 
-.3597789 
 4.495779E-02 
 .2297968 
-.1771394 
-.125847 
 .2491417 
 .5025091 
 .6961171 
 .2934923 
-.129861 
-.2419979 
 .1838247 
 .4986188 
-.1203697 
-.1533197 
-.2863129 
-.5162525 
-8.682451E-02 
-.6068501 
-1.450259E-02 
 1.239844E-02 
 .4049146 
 .6795228 
 .5413801 
 .7834417 
 .0317716 
-.2415068 
 .2847295 
 .6680427 
 .6073211 
-.1926069 
-.2798576 
-.4355372 
-.7462832 
-.829183 
-.1285553 
 .1374929 
 .5320839 
-.1523414 
 .3910587 
 .3854316 
 .5107382 
-3.283753E-02 
 .1290577 
 .1648302 
-.4088216 
-.2046667 
 .2247592 
 .2083827 
 .5497839 
 .6320417 
 .5323963 
 .3554386 
-.319557 
-.5899343 
-.1625464 
-3.930817E-02 
-.3262143 
 .102133 
 .2343637 
 .6663918 
 .2022334 
-.4441075 
 .1323807 
 .3773735 
 .2284925 
-.1618744 
-.3324536 
-.6211692 
-.1199628 
 .28012 
-.3578074 
 .1065879 
 .5640551 
 .2398258 
 .4488232 
 .4041784 
-.1541029 
-.4713929 
 .1091363 
 .1967874 
 .1070272 
 .3537309 
 .1419836 
-.0825746 
-.2145197 
-.2964172 
 .1473098 
 .36216 
 .3215132 
 .0506592 
-.4309177 
-.3705396 
-.5169252 
-4.913816E-02 
-.1284485 
-.3999829 
-7.330579E-02 
 .4629399 
 .2006072 
 .3909847 
 .7147156 
-6.516443E-02 
-4.349151E-02 
-.3198741 
-.5300792 
 4.842032E-02 
 .4904267 
-.2056997 
-.1734608 
 8.744695E-02 
 6.406786E-02 
 .3986271 
 .6507282 
 .4750127 
 .5151191 
 .715515 
 .4911675 
 .632472 
 .0525535 
-.3830524 
 .1177534 
-.4406452 
 .1403598 
-.3502881 
-.609989 
-.4821598 
-.4914281 
-.7497364 
-.1831235 
 .4006791 
 .759428 
 .5909686 
 .507189 
 .1282803 
-9.372126E-02 
 .1245936 
 .4599701 
 .7612761 
 .5491244 
 .7809213 
 .6499012 
 8.570742E-02 
-.4267422 
 2.542363E-02 
-1.647437E-02 
-.3502812 
-.5415608 
-.574361 
 2.940446E-02 
 .4995103 
 1.272082E-02 
-.3127655 
-.6281554 
-.3332275 
-.1841778 
-.3036855 
-.6984398 
-.6043443 
-.2103672 
 .3022493 
-.2856438 
-.688486 
-.3461854 
 .3004116 
 .4435769 
 .6403409 
 .6895943 
 .3773353 
 6.838225E-02 
 .3979953 
 .3771795 
-.1185843 
 .4686043 
 4.926803E-02 
 .2077934 
 .4637614 
 .3897019 
-9.612589E-02 
-.1412108 
-.2106826 
 .1648851 
 .5052429 
 .8048609 
 .431215 
 .7352453 
 .3197833 
 .442738 
 .7282579 
 .722522 
 .6549061 
 .2954388 
-.2467455 
-.2912365 
 .386885 
 .3533203 
 .1580748 
-.394177 
 .1988166 
-.4156102 
-.3216407 
-.4938485 
-.6834123 
-.2353118 
 .4202995 
-.2925304 
-.6226335 
-.4186715 
-9.862597E-03 
 .3357541 
 .2232397 
-.3112299 
-.3031651 
-.2633142 
 .3874058 
 .211877 
 .2100106 
 .4540229 
 .5253045 
 4.286061E-03 
-.4902549 
-.3338099 
-.6423054 
-.7661818 
-.4290238 
 .1121956 
 .1412408 
-.4051103 
-.3008432 
-.0817977 
 8.404289E-02 
-.3296487 
 .1685493 
 .3033392 
 .2973384 
-.2871157 
-.4605677 
 .2254734 
 .4490601 
 .1915393 
 .4544303 
 7.487006E-02 
 .4869221 
 .7617681 
 9.024019E-02 
 .2411356 
 8.099092E-02 
-.4905877 
 .2624838 
-.3927718 
-.555997 
-4.536695E-02 
 .1973274 
 .367516 
 .2024368 
 .2621264 
-7.760916E-02 
 .3363892 
 .295704 
 .1129172 
 .3262101 
-.2868168 
-.219548 
-.2648991 
-.4199847 
-.4771219 
-.6385154 
 .1062195 
 .610508 
 .2082841 
 .412639 
-.3420232 
 .1360856 
 .3377629 
-.3185804 
-8.061808E-02 
-.5743122 
-.3311248 
 3.088736E-02 
 .2280592 
-.3077702 
-.662351 
-.3374727 
 6.682348E-02 
 .4501406 
 .4186307 
 4.065444E-02 
-.2798408 
-.4215628 
 .2264331 
 .5253317 
 .2246517 
 .1018435 
 .178746 
 .2002322 
 .4115092 
-3.839555E-02 
-.2198182 
-.1680125 
-.0454763 
-.2203158 
-.1143438 
-.2988212 
-.4946737 
-.7328842 
-.5626836 
 .1097994 
 .1869782 
 .3825873 
 .384914 
 .6064271 
 .4665184 
 .4123816 
-.0698996 
-5.557343E-02 
 .4650941 
 .3656586 
-.237795 
 .2932519 
-.3734836 
 .149456 
-8.425377E-02 
-.4820249 
 1.648097E-02 
 .2359772 
 .6824138 
 .2139721 
 .1802766 
 2.333668E-02 
-.2414909 
-.3283819 
 .1130156 
-.2273327 
-.6169939 
-.1730435 
-.4648679 
-.5192953 
-.218887 
-.6657473 
-4.325634E-02 
-7.035425E-02 
-.3638314 
-.3821043 
-.6932904 
-.8291731 
-.9132252 
 2.468053E-02 
-.5033448 
 .2842125 
-.4062906 
-.3865793 
-.5154296 
-.2745676 
 4.031149E-02 
-.3931201 
 .2661191 
 .0214528 
-.3668296 
-.6556382 
 .1108955 
-.2303718 
-8.031265E-02 
-4.826208E-03 
-.3811858 
 .1433723 
 .6339669 
-.187755 
-.5646927 
 9.047889E-02 
 .3542142 
-6.064444E-03 
 .1593477 
-.3010761 
 .3953452 
 1.215015E-03 
-.4752588 
 .2194027 
 .5245808 
 .3828853 
 .4065087 
 .7322878 
 7.032071E-02 
-.4706818 
 .2351766 
 .5092058 
-.1015738 
 .1937076 
 .285488 
 .2809574 
-.4009648 
 .3249798 
 .6155612 
 7.617343E-03 
-4.465666E-03 
 .421076 
 .1549633 
 .6373054 
 1.111307E-02 
 .4242714 
-.2337577 
-.2850676 
-.2058841 
 .0287375 
 .5071973 
 .7133515 
 .8051009 
 .0145409 
 .4264678 
 .4179643 
-.2610469 
-.3493584 
-.1411955 
 7.731489E-02 
 .2696879 
-.1020331 
-.2791187 
-.2396517 
-.2891333 
 9.987961E-03 
 .1828149 
-2.741105E-02 
-4.700875E-02 
-.2335968 
 .1763387 
 .5793775 
 .3667061 
-.2392056 
-.393082 
 .2325495 
 .2915328 
-2.433493E-02 
-.1389716 
-.2469773 
 .3912868 
 .3364057 
-7.111379E-02 
 .2098392 
 .5091959 
-.2020485 
-4.036548E-03 
 .4909604 
-.1855228 
 .2541258 
-.1909072 
 .463795 
 .0266249 
-.1763989 
-.0666801 
 .2070893 
 .1699964 
 .2857862 
 .1842235 
 .3761356 
 9.749559E-02 
-4.919973E-02 
 .1110891 
 .4821381 
-.139934 
-.5569848 
-.5685164 
-.3071373 
-.5117028 
 5.390149E-02 
-.4411907 
-.4060086 
 3.722566E-02 
-.384798 
-.3526215 
-3.340499E-02 
 .2906681 
 6.116377E-02 
-.1037657 
-.3918068 
-.3356975 
 .2710542 
 3.869409E-02 
-.4449979 
 .3294442 
 .1185749 
 .3240755 
-.0864806 
-.3638912 
-4.623825E-02 
 .4985057 
 .4999779 
 .5620434 
 .3297457 
 .3223762 
 .2682219 
 .3427657 
 .1538267 
-.4172044 
 .162039 
 .329979 
 7.872335E-02 
-.1223964 
 .3478887 
-.2534232 
 .3877029 
 .5350538 
 .4551641 
 .2792242 
 .0558583 
-7.010287E-02 
-.5966174 
-.5664623 
-.473506 
 7.123303E-02 
 .5422162 
 .4049783 
 .7145027 
-9.563907E-02 
 .1176567 
 .3192036 
-.128573 
 3.413812E-02 
-.1662906 
-.1460056 
 .4751176 
 .7729158 
 .5200277 
 .3028822 
-.2415908 
-.2640938 
 .3815887 
-.1814742 
 6.732823E-04 
-.1619113 
-.1366477 
 3.464952E-02 
 .4013341 
-5.465487E-02 
 .3876185 
-.2751659 
-.2747819 
 .2453203 
 .5517536 
-8.058525E-02 
 .4343153 
 .724736 
 .4756936 
-.19634 
 24 
 .8 
 1 
