-4.938171 
-4.271399 
-6.045603 
 9.14769 
 14.24645 
 1.679366 
-4.895486 
-9.630851 
-10.92611 
 .432063 
-2.056708 
-2.702483 
 4.385227 
-2.960476 
 2.382894 
-6.408962 
-9.443314 
-.6771622 
-10.35849 
-3.978494 
 8.699664 
-3.299688 
 5.97182 
-1.229611 
-5.450607 
 8.60992 
 5.653895 
 4.709909 
-.3887914 
-9.85767 
-1.336642 
 4.333138 
 11.26807 
 11.33664 
-8.334175 
-1.329973 
 9.709346 
 1.083373 
 4.623639 
 1.380532 
 .7274849 
-.6896467 
-3.749401 
-3.378426 
-6.547814 
-12.64485 
-9.822944 
 8.808047 
-8.128413 
-4.982141 
-4.696474 
-1.586838 
-8.80137 
-3.13388 
-6.780115 
 1.184241 
 1.358291 
-7.94441 
 8.362109 
 6.134805 
 1.900381 
-2.112407 
-10.1222 
 3.993026 
 .16241 
 6.196731 
 4.100178 
 9.238077 
-9.027609 
-9.601042 
-13.07209 
-13.30015 
-7.880387 
-11.26412 
-15.3343 
-3.489207 
 2.810671 
 1.870109 
 8.471978 
-7.715866 
-9.67346 
 1.573669 
-.6605499 
-3.655012 
-9.530029 
 2.232436 
 11.03318 
 3.8848 
-8.838653 
 3.722972 
-1.316002 
-1.300305 
-.5614498 
-7.248599 
-6.198853 
-11.57938 
-1.131494 
-8.326759 
 7.987916 
-7.465391 
-3.493948 
-6.502871 
 7.173936 
 8.127284 
-3.182627 
 3.300509 
-4.957203 
-11.35875 
-14.61683 
-8.474211 
 4.612583 
-3.597327 
-7.445535 
-2.60066 
-6.692394 
-5.776393 
-12.68287 
-4.049684 
-8.284272 
 6.470716 
 3.997458 
 7.322042 
 12.46546 
-.5352077 
 .8881342 
-9.911824 
 .4257179 
-2.059407 
 10.57393 
-6.321818 
 8.459627 
 5.331357 
-2.168425 
-9.123117 
-3.092005 
-7.68598 
 9.77386 
-6.16743 
-13.18366 
-7.515032 
-.9914926 
 9.970683 
 3.775998 
-1.189834 
 8.07855 
 10.21706 
 7.099436 
 7.40796 
 14.16012 
 .1620606 
-.0697925 
-2.12992 
 4.125797 
-6.601251 
-3.754815 
-2.603555E-02 
 7.621167 
 3.169371 
-.8513228 
-2.339037E-02 
-6.606254 
 1.002043 
 3.975036E-02 
 4.395082 
 10.62834 
-.1025138 
-4.817472 
-6.398087 
-10.30576 
-2.221529 
-7.34387 
-4.894939E-02 
-3.324247 
 8.165217 
 1.799902 
-6.985921 
 2.466367 
 6.70294 
 4.677326 
 8.176454 
-5.864441 
 5.786154 
-5.556434 
 9.486041 
-7.815063 
-12.86318 
 3.432988 
-1.937969 
-1.436563 
-9.634092 
-12.07501 
-11.35893 
-14.20066 
 1.150603 
 1.129326 
 1.801753 
-6.35263 
-2.590697 
 5.232342 
 7.611894 
-.2754247 
 9.693898 
 8.733793 
-7.479455 
 1.12551 
 5.486152 
-10.17416 
-4.576216 
-3.683791 
-6.500172 
 9.910048 
 10.16727 
 7.659134 
 .1906271 
 5.739317 
-3.762449 
-4.551859 
-2.913774 
 9.95522 
-6.330666 
 1.729633 
-3.194912 
-10.50284 
-10.62781 
-13.27499 
-5.423008 
 9.584977 
 3.757508 
 .9372448 
 11.73423 
-3.488928 
-3.930532 
-3.648125 
-6.339478 
-1.72955 
-9.252608 
-2.225258 
 10.64635 
 4.43585 
 11.18799 
 7.009041 
 .574987 
 4.843176 
-9.174564 
 3.587318 
 5.886149 
 1.610747 
-7.893287 
-8.952838 
-6.77286 
 4.961943 
-9.485579 
-2.273393 
 5.581796 
 8.884137 
-1.699335 
 10.97516 
 10.51231 
 7.241941 
 11.89094 
 12.50769 
 1.552877 
-8.694174 
 8.526402 
 9.64369 
 7.514007 
-.2386057 
-11.79489 
-11.42461 
-11.40437 
-3.022742 
-3.141024 
-10.44619 
-8.412218 
 1.064487 
 8.767601 
 2.455795 
-6.867818 
 7.653206 
-.8968168 
-4.533911 
 5.270575 
-5.330825 
-2.808171 
-7.201988 
 7.115717 
 4.710358 
-1.698407 
-3.164138 
 7.837965 
 4.322868 
 11.69769 
 3.759003 
-3.040129 
 8.064058 
-3.537227 
-6.840235 
-9.743998 
-6.494318 
-13.9166 
 1.899086 
 8.806947 
-2.851532 
 4.106016 
-1.133283 
 7.229836 
 7.927317 
 .7536926 
-10.01595 
-5.028317 
-5.330795 
 3.581521 
-3.527532 
 6.235498 
-6.661133 
 .351267 
 11.16121 
-3.038118 
 9.798478 
-6.55042 
 9.868523 
 6.043398 
 4.123326 
 10.93786 
 4.940102 
-4.766459 
 7.369811 
-8.1991 
-3.825672 
 5.209794 
-4.677164 
-4.279363 
-3.713867 
-.4168738 
-5.68644 
 .343316 
-6.939869 
-12.19646 
 6.102362 
-7.676757 
 1.50081 
 10.13436 
-3.611548 
 9.875486 
 11.21442 
 1.778986 
 .3144836 
 6.623684 
 10.01152 
 1.348462E-02 
-7.377496 
-6.322442 
-3.909959 
-9.537517 
 .1801496 
-9.660298 
-9.910821 
 1.835672 
 .6325822 
-7.50266 
 9.769777 
 2.097789 
-11.42501 
-5.061973 
-6.568543 
 4.245828 
 10.69914 
 10.86169 
-4.730104 
-10.83592 
-14.96826 
-12.72176 
-6.606875 
-9.448505 
 8.926014 
 11.5718 
 5.282152 
 7.070946 
-6.58622 
-7.753835 
-13.6524 
 4.048785 
 8.026819 
 9.352051 
-1.384156 
-1.584812 
 .8833436 
 7.606221 
 3.724539 
-6.122097 
-8.838172 
-5.805649 
 .1236256 
-3.742306 
-.38484 
-1.91647 
 1.222548 
-10.55926 
-1.862933 
-7.648135 
 9.031834 
 13.0793 
 15.6787 
 12.71244 
 1.433789 
 7.810648 
 14.09715 
-1.828493 
-8.414124 
 2.313963 
-11.04883 
-7.057839 
 2.65154 
-8.688066 
-11.94367 
-8.489645 
-4.877171 
 3.743662E-02 
-4.572528 
-6.262308 
 5.676387 
-2.993743 
-3.866029 
-3.50382 
 7.276364 
-.1127346 
 5.411917 
 5.395265 
-.7281469 
 10.70962 
 6.589065 
 2.272625 
-6.058338 
 .2754077 
 6.104031 
 .6886911 
 10.00027 
-2.403297 
 3.375087 
 10.42242 
-2.322279 
-3.862313 
-12.88058 
-8.658381 
 9.261225 
 8.980518 
 4.526652 
 3.85524 
-4.52197 
-1.094004 
 6.805286 
 10.60933 
-6.832235 
-.9369013 
-2.319273 
-11.0057 
-4.323291 
 3.586607 
 1.006732 
-1.968619 
 10.22772 
 14.67189 
 6.408864 
 2.606651 
 3.534514 
-8.950562 
-10.208 
-8.163877 
-13.99837 
-12.42179 
-5.485875 
-.3934206 
 1.30451 
 7.185345 
-9.027665 
-4.864421 
-12.0815 
-8.013611 
 .2085543 
 .488534 
 2.477585 
-3.422623 
 8.944999 
 9.103245 
 4.440389 
-.3895817 
 5.525938 
-6.592679 
-12.56012 
-9.811695 
 3.465449 
 11.93002 
-.3410667 
 4.36949 
 8.314581 
-8.887038 
 4.59269 
 .9118936 
-6.855008 
 .5168027 
 10.06038 
 13.66962 
 7.624518 
-9.589881 
 1.185669 
 11.60501 
-8.577776 
 8.546092 
-7.894927 
-7.266866 
-7.652307E-02 
 7.442438 
-9.018153 
-13.37356 
-2.261989 
-5.135904 
-3.592237 
-.7827668 
 5.437506 
 .3656188 
-4.20126 
-11.52554 
-5.504981 
 .1958102 
 6.442215 
 3.789511 
 4.764994 
 8.820942 
 .5051118 
 7.34499 
 7.456513 
 6.81803 
 7.54426 
-5.304102 
 5.118724 
-8.965893 
-8.669399 
 8.4427 
 10.16734 
-3.896133 
-8.768743 
-8.883368 
 7.776372 
-3.657168 
-6.962512 
 3.210645 
 4.914419 
 8.01981 
 8.566746 
-2.195856 
 7.241733 
 7.373411 
 11.70646 
-3.382138 
-4.455797 
 1.915494E-02 
-3.495857 
-8.16753 
-.4193323 
 3.03156 
-7.875184 
-12.89359 
-.4306037 
 8.084858 
 5.726451 
-.1838636 
-7.638186 
-2.291881 
 10.8156 
 9.620684 
-.1461134 
-.4149038 
 1.021185 
 4.508934 
-9.907651 
 .7523422 
 9.900071 
-1.040974 
-9.576847 
-4.541567 
 5.286902 
-1.929529 
-2.68482 
 5.234985 
-4.174204E-02 
 5.317634 
 1.682762 
-7.433716 
-7.504626 
-12.15057 
 8.139463 
-2.921149 
 2.028574 
-4.108418 
 7.367442 
-2.283902 
 6.508969 
-6.034103 
-6.571978 
-12.23645 
-3.657146 
-2.188517 
 1.745629 
-10.88936 
-7.51763 
-10.9814 
-7.332695 
 4.208548 
 4.288628 
 12.46481 
 11.50533 
 4.596759 
 3.903962 
-6.394937 
 7.918737 
-2.135562 
 1.826025 
 2.879689 
 7.296685 
 7.295386 
 6.620605 
 8.206889 
-3.520809 
 .1996904 
 .278071 
 1.66067 
-4.820097 
-3.417701 
-4.600759 
 10.12755 
 3.346209 
 2.964083 
-1.601688E-03 
-11.34556 
-6.205553 
-10.55678 
 .7216086 
-8.200761 
-9.664634 
-5.782103 
-11.45653 
-.475908 
 4.771097 
-.1017276 
-1.947295 
-4.531268 
 3.574303 
-5.934472 
-12.7523 
 5.716143 
-9.441357 
-3.698711 
 4.737053 
 7.541892 
 9.975313 
-4.188464 
-1.954658 
 8.363293 
 10.34972 
 .7848842 
-.6848809 
-3.85963 
-7.181361 
 5.391987 
 2.614837 
 1.674433 
 3.549696 
-8.971052 
 2.553631 
-5.137718 
-12.19407 
-8.933707 
 8.614147 
-1.73341 
 3.085477 
-2.428493 
-3.847786 
-5.297286 
-8.428783 
-9.382375 
-4.543344 
 1.550487 
-5.824456 
 2.848155 
 2.993982 
 3.347958 
-9.256018 
-13.68349 
-12.31705 
-9.671578 
-5.217846 
 .5438855 
-4.993262 
 6.72831 
 11.57337 
 3.951976 
-1.597383 
-12.51241 
-9.614804 
-10.92112 
 .3982373 
 11.77854 
-1.19465 
-6.627747 
 7.284856 
-6.897452 
-.2785893 
 2.512978 
 3.389564 
 5.668475 
 10.1054 
-6.869452 
-4.521711 
 6.534108 
-3.754438 
 3.253191 
-1.587049 
 7.65355 
 .5582133 
 8.304391 
-4.444984 
 4.333601 
 10.91383 
-3.72679 
 10.62409 
 14.32634 
 13.09636 
 4.294677 
 4.886106 
 .3458193 
-8.227695 
 1.117646 
 3.050537 
 9.453031 
-.5167483 
-10.98192 
-2.996695 
-11.65393 
-6.361345 
-2.999661 
-5.75436 
 9.710622 
-9.035247 
 1.055483 
 3.065694 
 1.681843 
-10.92848 
 2.135734 
-3.898159 
 10.55384 
-2.050279 
-3.863512 
-5.426126 
-5.090212 
-7.863701 
 4.057752E-03 
 4.905412 
-4.218818 
 .6213482 
 2.040724 
 12.4803 
 14.02449 
-2.054566 
 6.929945 
 8.522802 
 .1972708 
 3.206197 
 .7631512 
 .1820748 
-8.841641 
 8.854089 
-5.285913 
 .6608881 
 4.590783 
-8.153957 
 1.330262 
 6.153066 
 8.547596 
 .7825059 
-9.892471 
-2.833632 
 1.000545 
-10.38916 
-5.091086 
-10.70963 
-11.6415 
-7.821254 
 9.662498 
 5.289885 
-3.944304 
-3.156127 
-1.62875 
-11.05476 
-4.173849 
-2.710394 
 10.01574 
-2.640565 
-8.668036 
-2.32886 
-4.454648 
-.9589111 
-2.782989 
-6.627429 
-12.383 
-.1166313 
-3.312153 
 .1771373 
 9.303206 
 .7918789 
 2.517169 
-2.170626 
-11.3547 
-12.71285 
-12.21815 
-12.09854 
 2.849767 
-4.891858 
-10.16161 
-14.00143 
 .6683695 
 8.542676 
 2.861432 
 8.101931 
 14.03747 
 4.607073 
-9.154745 
 .4161095 
-4.018295 
-6.520214 
 2.570657 
-1.640489 
-3.271694 
-8.07809 
 6.805803 
-6.510339 
-4.2451 
 1.428535 
 1.59996 
 6.019977 
-7.412092 
-6.361223 
-13.74992 
 2.942809 
 11.06206 
-1.700368 
-7.126968 
 8.949229 
-4.980018 
-3.432008 
-4.309836 
-5.478919 
 10.06252 
 4.791297 
 2.013462 
-8.29565 
 7.29495 
-9.282261 
 4.440775 
 6.583236 
-4.321896 
 9.486292 
 1.906167 
 5.975388 
-.7901219 
-6.723312 
 .5678719 
 1.401983 
-.5268711 
 3.46884 
 7.44075 
-8.416221 
-10.71469 
-12.75401 
-14.5232 
-3.042129 
 10.21332 
-3.721622 
-4.783094 
 8.09947 
 1.845102 
-5.97083 
 6.774074 
-8.524442 
-11.32976 
 8.017564 
 10.38604 
 10.80865 
 15.12905 
-2.001954 
 3.374663 
 4.021558 
 12.56078 
 1.667084 
-10.27117 
 6.235622 
-6.394132 
-7.909536 
 .3573622 
-3.162925 
-.2019176 
 10.08561 
 4.012094 
 12.29111 
 9.927124 
 .5324689 
 6.360368 
 3.606246 
-.3019112 
-11.10311 
-14.35832 
-7.419341 
-4.156557 
-4.45033 
 1.906357 
-7.219685 
-3.654528 
-9.376648 
 8.729762 
-2.966981 
-11.54485 
 4.090058 
 6.260214 
-4.223685 
 5.831 
 10.64078 
 14.76708 
-1.332051 
-1.278297 
 9.646119 
 13.01271 
 3.719592 
 10.38391 
 4.724445 
-.5363914 
 7.588425 
 7.665383 
 11.77933 
-5.034319 
 5.20506 
 5.526307 
 11.61831 
 11.40279 
 9.986997 
 9.55371 
 2.092505 
 6.363438 
 3.384345 
-7.166582 
-6.617313 
-2.669858 
 8.79533 
 11.39176 
 .4502136 
 11.41402 
 3.337354 
 12.69092 
 2.337308 
 7.435074 
-2.516655 
-10.9293 
 6.084326 
 3.659495 
 9.812572 
 10.30919 
 9.439529 
 12.97593 
-7.195096 
 5.82021 
-4.927949 
-6.866477 
-12.80768 
 6.112274 
 13.57604 
-1.884623 
 .4273326 
-3.682817 
-8.007144 
-9.530681 
-11.70771 
-.8024037 
 1.858125 
 9.185299 
-7.358376 
-9.367979 
 .5729783 
-.7943904 
-5.420541 
 6.536773 
-2.812667 
 10.69324 
 .5615482 
 7.231093 
 9.480195 
 5.320446 
-1.965425 
 1.512061 
 4.329023 
 3.254953 
-9.765128 
 5.458109 
-9.131097 
-11.06264 
-7.625082 
-3.7386 
-2.925999 
 7.804476 
-8.527909 
 7.195146 
-4.250438 
-12.06077 
 3.351543 
-10.27439 
-11.75232 
 .7439315 
-5.535017 
 6.715936 
-5.107641 
-8.096897 
-2.164227 
 2.282271 
 3.239986 
-8.766542 
 8.234939 
-.4927779 
-3.841648 
-12.25487 
 5.957099 
 1.545754 
-1.803788 
 9.938996 
-3.191106 
 .3988008 
-10.92966 
 4.492867 
 .555123 
 1.265096 
-2.629973 
-9.307784 
 2.991672 
-5.925765 
-8.717811 
-6.777904 
-3.784074 
 4.767271 
-7.888398 
-3.811587 
 6.77998 
 3.714186 
 7.582114 
-2.829092 
-11.22038 
-.2045344 
 1.977065E-03 
 4.567268 
-2.274379 
 2.57514 
-7.492429 
 7.718125 
-.9558538 
 7.361373 
-6.041948 
-1.746397 
-11.80327 
 2.631148 
 9.011641 
-2.405281 
-2.598578 
-.3964892 
-12.13999 
 .544188 
 11.70934 
-6.512026 
 4.938791 
-9.640121 
 8.540475 
 14.55521 
 8.733001 
 7.050506 
-5.756928 
-9.531024 
 8.591167 
 7.180617 
 11.38879 
-5.783691 
-10.12721 
-8.471298 
-13.77832 
-8.201235 
 7.398875 
-4.199352 
 3.670541 
 9.069452 
-7.422945 
 5.596881 
 9.176217 
-4.598146 
-10.91492 
-.1143614 
-10.31825 
 2.887114E-02 
-.9236931 
 10.47605 
-4.450826 
-6.174341 
 .8246029 
-5.901792 
-6.221938 
-11.63487 
-15.36575 
 6.686672 
 7.578128 
 .4131991 
-.8619816 
-1.205674 
 8.292296 
 .2152789 
 5.075734 
-1.55248 
-3.190815 
-7.285522 
-8.692709 
-12.91236 
 3.346905 
 8.777269 
-1.556628 
-2.384716 
 11.29371 
 8.051043 
 2.070776 
 8.673898 
-1.402137 
-8.826311 
 7.315486 
 2.35117 
 7.665597 
 4.970964 
-2.326566 
 10.54722 
-.1110806 
-4.794205 
-8.192451 
 4.301893 
 10.77681 
-6.288203 
 7.994783 
 5.233916 
 10.95291 
 9.356611 
-1.49867 
 .4996597 
 8.000863 
-6.120243 
 5.360753 
-.1981613 
 1.006892 
-10.10212 
-13.63771 
 4.233427 
 12.94808 
-7.955086 
 1.524503 
 11.44733 
-5.941651 
-4.49739 
-1.459574 
 9.282053 
-5.362675 
 6.357365 
 5.519039 
-5.156017 
-12.46144 
 6.413656 
 1.607708 
 4.591278 
-9.214102 
-14.42436 
 6.930007 
-5.052792 
 8.082891 
 .990101 
-7.718744 
-7.35576 
 3.961794 
 9.710699 
-3.142936 
-4.600572 
 7.608801 
 10.86808 
 1.061761 
 2.622849 
-6.77775 
 8.834839 
-3.329959 
-12.64474 
-7.92331 
 .1657832 
-2.888526 
 2.620918 
 6.615587 
 7.010484 
-5.637255 
-12.33761 
-9.681076 
-10.08239 
 8.659634 
-5.345133 
 2.256006 
 10.55955 
-2.517266 
-6.624793 
 4.678248 
 7.605374 
-.5136665 
-8.504774 
-.7121893 
-9.413079 
-8.227465 
 6.303488 
 5.899865 
 .8460498 
 1.845684 
-5.964463 
-13.43343 
-9.770508 
 8.177716 
-8.451568 
 6.137397 
-8.409205 
 2.938867 
-4.778434 
 8.634563 
-8.363214 
-1.146399E-02 
-1.593971E-02 
 9.094759 
 1.270594 
 8.38 
 10.30624 
-7.462414 
-.1698276 
 .1398598 
 7.128925 
 .3549987 
 11.66759 
-5.34898 
 2.656194 
 5.428923 
 7.207533 
 1.973155 
 12.41825 
 12.10925 
-4.46911 
 2.701872 
-4.652547 
 7.651735 
 7.848183 
-.3108925 
-9.847325 
 4.563446E-02 
-9.501548 
 1.48725 
-4.189518 
-11.20714 
 1.989397E-02 
 1.185741 
 2.262743 
 8.907784 
 13.05938 
-3.275466 
-9.461634 
 2.536365 
 8.258882 
-1.998503 
 7.893776 
 8.994081 
-.2824059 
 1.961576 
-2.570374 
-.2088348 
-.6735034 
 1.912011 
 7.202218 
-2.148536 
-6.369016 
 7.049363 
-3.82875 
-9.372066 
-10.91394 
-9.386465 
-10.52888 
-2.426886 
 10.4992 
 .4333924 
-4.783188 
 2.806547 
-5.711939 
 3.043764 
-3.289828 
-11.88292 
 7.390015 
-3.387594 
 3.266334 
 13.01832 
 .8032817 
-3.034563 
-1.887542 
 4.776903 
-4.559157 
 7.729685 
 9.027681 
 1.712714 
-8.590636 
-9.754498 
-8.970887 
 9.447751 
-9.044154 
-6.764713 
 3.199838 
-4.256264 
-5.658988 
-10.12622 
-7.189241 
-2.608155 
 9.544833 
-8.448409 
 3.969801 
-9.19802 
 .5185547 
 4.679494 
 8.075306 
 8.247809E-03 
 6.30548 
-6.113975 
 8.837244 
-1.740615 
-10.946 
-7.990473 
 1.351345 
-7.836128 
 6.930265 
-6.187976 
-3.341324 
 9.38779 
 1.880558 
 12.39131 
 1.876695 
 6.98874 
 7.164988 
-5.09162 
-9.560735 
 1.177624 
 12.07503 
 10.08318 
 4.533004 
-1.524895 
-5.839481 
 4.737915 
-4.996695 
 3.382286 
 3.622448 
-6.551949 
 9.259274 
 10.32226 
 6.83601 
-8.515043 
-3.273244 
-10.65475 
 .8330122 
 6.992808 
 .9412606 
-11.63682 
-2.566303 
 1.983368 
 9.381366 
-1.805155 
-5.841611 
 1.076449 
-2.961938 
 .2432751 
 3.380715 
 4.748801 
-7.078746 
 2.543989 
 11.48811 
 9.864297 
 13.57335 
-4.611237 
-6.144158 
 3.724423 
-4.921837 
 9.555082 
 13.68514 
 12.38454 
 13.31544 
-3.727864 
 9.289573 
-6.714736 
 5.165423 
 7.047905 
 12.52823 
 2.591547 
 10.64813 
-4.964883 
-1.512306 
-3.445088 
 1.391072 
-10.86052 
-6.815183 
 3.580752 
-9.220647 
-8.985446 
-13.06324 
 4.396314 
-5.964194 
 4.946103 
 12.9787 
 10.95517 
 2.656627 
 5.167871 
-3.92717 
-11.2888 
-7.112678 
-8.304889 
-3.876133 
-5.212907 
 1.943729 
-1.15623 
 7.95129 
 1.442198 
-.8388464 
 2.731291 
 4.940315 
 13.47379 
-7.352609 
-.9001889 
-11.06998 
-.487963 
-8.151223 
-2.454762 
-1.965301 
 11.30614 
 5.645249 
 7.714731 
-2.986937 
 8.833261 
 10.94304 
-1.107817 
 8.531559 
 2.731978 
-6.251281 
 7.571894 
 1.847002 
 12.26949 
-7.913073 
 9.183293 
 11.08864 
-2.005011 
-7.71558 
-3.582126 
 3.462753 
-4.316519 
 10.04497 
-4.803889 
 2.38127 
-10.23527 
 6.177709 
-9.033907 
-2.917465 
-1.508888 
-9.89854 
-12.55564 
-6.871771 
-12.77619 
 7.570048 
 14.09424 
 5.827484 
-10.3337 
-7.731871E-02 
 5.983374 
-.984862 
 1.352744 
-7.776174 
 1.863475 
-6.457446 
 .4175946 
 8.662451 
 3.704911 
 12.37115 
 .4720951 
 3.185601 
-7.893224 
 3.531727 
 6.243063 
 10.84728 
 10.82941 
 7.086948 
-3.499588 
-2.152563 
 1.593687 
-9.877923 
-12.09784 
 7.431431 
-3.846989 
 8.067528 
 4.188739 
-6.11659 
 7.117297 
-4.912483 
-6.055618 
-12.70325 
-4.898086 
-5.52099 
 1.35502 
-2.721139 
 9.783978 
 8.433495 
-8.163043 
-6.185801 
-4.590156 
 .4251957 
-5.985688 
 8.8172 
 .5012709 
-5.09812 
 8.877833 
 7.520911 
 12.69367 
 3.200469 
-3.427116 
 6.299239 
-8.736812 
-12.23756 
 1.409437 
-6.394493 
-5.075825 
 5.092203 
-5.408831 
-5.486805 
-6.938138 
-2.350939 
 10.59933 
 7.026006 
 10.04353 
 2.132938 
-3.535023 
 7.878917 
 4.52121 
-2.809596 
 .4651911 
-11.35255 
 5.891444 
 .3606726 
 1.705797 
-7.711358 
-9.741022 
-.3195643 
-10.55145 
 8.905532 
 13.16349 
 13.19779 
 12.31375 
 14.42753 
 1.301765 
 8.62991 
-.3645203 
-1.260246 
 7.925717 
 10.04772 
 5.969077 
-.4443624 
-8.930889 
 1.555889 
-8.484167 
-14.48832 
-8.85834 
-.3739654 
-3.793447 
 3.259071 
 2.113154 
-4.542245 
-8.212818 
-3.819808 
-2.626343 
-3.91888 
 10.6138 
-.850207 
-3.635039 
 10.438 
-1.89207 
-6.277391 
-8.235374 
 1.682177 
 1.032228 
 10.79255 
 1.924412 
 2.5457 
-3.724773 
-8.860866 
-12.53642 
 4.003896 
 .3364226 
-1.084802 
-4.018239 
-12.09064 
 7.813325 
 4.44038 
-4.17201 
-1.93595 
-4.580942 
 6.946117 
 7.008909 
 11.32525 
-3.853993 
-10.526 
-3.747561 
-10.17506 
-11.19955 
-3.210501 
 7.228906 
 6.437912 
 8.475617 
-8.441994 
-8.957181 
-.2500954 
 11.76654 
 10.16284 
-4.922132 
 1.128207 
 4.150579 
 11.59015 
 3.527354 
 1.654465 
-2.198684 
-.9053357 
 7.384906 
 11.89679 
 6.316701 
 13.01134 
-4.806661 
 8.127579 
 13.06399 
 .8715801 
 11.77321 
 .9997287 
 4.817406 
 3.15932 
-1.972466 
-.7532978 
 5.707133 
 5.805771 
 2.219452 
-11.39596 
 .3599865 
 9.522134 
-1.365054 
-1.434646 
 9.414807 
 3.266913 
 8.395293E-02 
-7.527179 
-.5953705 
-6.574986 
-1.569233 
 5.457994 
-9.267553 
-1.328723 
-1.644458 
-8.657864E-02 
-5.972233 
 1.860861 
-3.588647 
 2.319272 
 8.707558 
-1.51578 
-6.267947 
-10.9349 
 4.369765 
-2.209314 
 1.27779 
-5.606596 
-4.045235 
 8.276486 
-1.813187 
-7.187088 
-12.20045 
-8.225546 
 8.435554 
-8.919189 
 7.873293 
-5.167268 
-8.222988 
 .4515465 
-7.353977 
 1.041525 
 .4221797 
-6.061522 
-11.09628 
 1.195193 
-8.121184 
-10.41136 
-14.51415 
-11.97752 
-10.04592 
-3.142781 
 2.89339 
 6.411263 
 .9934133 
-3.914968 
 4.466487 
 13.25217 
 3.003986 
-6.651515 
 4.863609 
-6.335756 
-10.15254 
 .1298209 
-6.583883 
 6.145111 
 1.186349 
-9.265736 
 2.647666 
 8.577484 
-1.0958 
-8.390937 
 2.347831 
 4.10983 
 10.68491 
 10.61803 
-3.583743 
 8.595779 
 10.47679 
-5.824143 
-11.7343 
-13.46014 
-10.0313 
-9.519832 
-13.07263 
-1.317371 
-.379237 
-5.061762 
 1.146708 
-11.43944 
-4.368668 
-11.35558 
-2.277335 
 1.296552 
 10.40864 
 2.61742 
-5.513708 
 10.53383 
-1.048671 
-1.473587 
 9.933743 
 1.398836 
 6.877722 
-7.16038 
-8.505127 
 4.933607 
-8.761196 
-9.145443 
-13.53286 
-10.27099 
-5.508986 
 3.448318 
 3.233466 
 10.53991 
 10.05475 
 6.014063 
 7.484774 
 13.63538 
-1.705295 
-5.07658 
 .8552708 
 11.16767 
 13.99505 
 9.174483 
-1.302941 
-9.651976 
-2.554213 
-10.74135 
-8.349586 
-6.24066 
 8.384836 
 11.0552 
-3.817912 
-11.28749 
-6.414433 
 4.644029 
 12.50563 
 7.12535 
 1.452325 
-5.205504 
-7.84904 
 3.295421 
 6.907541 
-6.266748 
 3.169914 
-7.605831 
-7.748532 
-2.648275 
-5.428972 
 7.785033 
 6.561918 
 5.586732 
 10.10772 
-1.16012 
-4.038516 
 7.639247 
 10.18257 
 10.74811 
 11.43894 
 8.395713 
 2.508611 
-2.026635 
 2.891881 
-8.824913 
-9.066745 
 3.959943 
-9.446753 
-5.639212 
-12.89466 
 1.200284 
-2.280147E-02 
 5.320754 
 .2433667 
-2.213084 
 6.493271 
 8.555624 
 4.298815 
-1.895227 
-10.49074 
-1.4378 
-1.926288 
-3.857214 
 2.194813 
 3.152302 
 1.65536 
 5.158618 
-9.067738 
-7.149841 
 2.119335 
 6.178555 
 9.780677 
 6.186262 
-8.778232 
 1.571938 
 10.39255 
 14.29093 
 7.397728 
 3.185847 
 7.192928 
-4.258723 
 1.456307 
 .4119953 
 .4491504 
-3.21771 
-4.91827 
-6.270265 
-3.16 
 7.27287 
-1.203918 
-10.17161 
 .8647346 
 4.066933 
 8.065197 
 .8734512 
-10.74665 
-4.401351 
 5.809502 
 3.176381 
 1.057086 
 8.60544 
 2.931034 
 9.761702 
-.3383344 
-8.496692 
-11.64324 
 1.924236 
-8.503149 
-8.885838 
-12.51293 
-5.205197 
-4.854248 
 1.78721 
 8.859766 
 4.297425 
 12.58487 
 15.13932 
 5.707444 
 .1790336 
 2.505733 
 3.72009 
-5.597327 
 6.899823 
-1.08193 
 .7341027 
-11.78389 
-11.88884 
 4.276045 
 .1838772 
 7.045443 
 1.336985 
-9.889862 
-9.235765 
-14.04205 
-9.605565 
-5.833875 
-.8526108 
 7.644681 
-8.410789 
 2.415072 
 5.132546 
-4.791511 
-2.167801 
 6.067739 
 9.832317 
 12.342 
 2.357011 
-5.253866 
-5.295404 
 5.018962 
 10.14913 
-5.021943 
-3.430587 
-5.472733 
-9.558553 
 .9397361 
-11.80517 
 2.818289 
 1.226291 
 8.894269 
 12.76405 
 7.967273 
 13.2639 
-3.923513 
-6.63656 
 6.79276 
 13.20531 
 9.629371 
-7.883054 
-6.185604 
-8.101782 
-13.64011 
-13.66949 
 2.223779 
 4.95902 
 11.34552 
-5.72378 
 8.376693 
 6.462675 
 8.661243 
-3.701215 
 2.059862 
 2.737848 
-9.74426 
-2.789557 
 6.212109 
 3.832098 
 10.6433 
 10.69415 
 7.692087 
 4.110034 
-9.481624 
-11.92666 
-.5700299 
 .7363852 
-6.358751 
 3.866932 
 5.032634 
 13.20668 
 .9669976 
-11.40709 
 4.335855 
 7.907027 
 3.11213 
-5.027691 
-6.82612 
-11.69909 
 .7421578 
 7.499931 
-8.525749 
 3.681748 
 11.99681 
 2.523337 
 7.769032 
 6.071868 
-5.897867 
-10.13528 
 4.49348 
 4.331407 
 1.422548 
 6.839671 
 1.206723 
-2.94593 
-4.553817 
-5.354462 
 4.802691 
 7.554449 
 5.167697 
-.8827453 
-10.02894 
-6.18857 
-8.875065 
 1.949791 
-1.668905 
-7.671658 
 .5227907 
 10.85493 
 2.440063 
 6.926041 
 13.10508 
-5.309739 
-1.750839 
-6.888704 
-9.899819 
 3.888479 
 11.10135 
-6.490608 
-3.367551 
 2.770214 
 1.227441 
 8.206265 
 12.01782 
 6.640417 
 7.846107 
 12.05507 
 6.303093 
 10.09135 
-2.767097 
-9.561937 
 3.895437 
-9.591059 
 4.988606 
-7.584713 
-11.48517 
-7.077875 
-7.386854 
-12.91101 
 .4199566 
 10.668 
 15.02847 
 8.820732 
 7.056738 
-.6690943 
-3.573914 
 2.6529 
 9.279543 
 14.03611 
 7.620737 
 13.02791 
 9.281699 
-2.474725 
-10.76983 
 2.039934 
-4.257989E-02 
-7.34168 
-9.949484 
-9.348008 
 4.113103 
 11.56392 
-1.775331 
-7.345651 
-12.20817 
-3.898401 
-1.490201 
-4.959985 
-13.12993 
-9.218361 
-.6665687 
 8.540256 
-6.919251 
-13.66973 
-3.947259 
 9.018732 
 8.863305 
 11.50135 
 11.20233 
 3.897911 
-1.463856 
 7.377559 
 5.926056 
-4.889142 
 9.915169 
-1.132111 
 3.601383 
 8.740355 
 5.879127 
-4.555468 
-3.297587 
-3.943823 
 4.663759 
 10.39251 
 14.80299 
 4.846236 
 12.51973 
 2.551939 
 6.790117 
 12.80194 
 11.33755 
 9.531694 
 2.037321 
-7.870726 
-5.845859 
 9.740539 
 6.208964 
 1.375732 
-9.747241 
 5.698755 
-9.407895 
-5.127305 
-8.601261 
-11.81082 
-1.09464 
 11.21486 
-7.567472 
-12.37003 
-5.834753 
 2.607352 
 8.045359 
 3.485016 
-8.065348 
-5.466173 
-3.956014 
 9.992487 
 3.24444 
 3.157099 
 8.380978 
 8.786558 
-3.025973 
-11.41595 
-5.162037 
-11.66202 
-12.86834 
-4.660946 
 5.669175 
 3.444257 
-9.210155 
-4.737646 
 .1168992 
 2.710723 
-7.189867 
 5.089472 
 6.148376 
 4.878153 
-7.944489 
-9.062922 
 7.176819 
 9.257449 
 1.938041 
 8.239311 
-.9104484 
 9.371737 
 13.78422 
-2.289734 
 3.546124 
 .1651017 
-11.33318 
 7.642899 
-9.045178 
-10.29029 
 2.044879 
 5.298769 
 7.275055 
 2.478848 
 4.15627 
-3.284045 
 7.101567 
 4.761364 
 .6117879 
 5.955184 
-7.9397 
-3.900048 
-4.43841 
-7.429584 
-7.846944 
-10.81244 
 6.0281 
 13.66656 
 1.826805 
 7.132594 
-9.712317 
 3.805706 
 6.867061 
-8.483593 
-.7380527 
-11.6538 
-4.271843 
 2.989111 
 5.410078 
-7.492829 
-13.0365 
-3.859656 
 3.944952 
 10.05703 
 7.021161 
-1.608116 
-6.891634 
-8.004232 
 7.081958 
 10.85445 
 2.286685 
 .4287166 
 2.861581 
 3.193148 
 7.585038 
-3.064635 
-5.174619 
-2.723536 
 4.748903E-02 
-4.220239 
-1.29548 
-5.548336 
-8.983734 
-12.97137 
-7.911279 
 6.121233 
 4.579176 
 7.503298 
 6.292805 
 10.66873 
 6.547599 
 5.709079 
-4.285057 
-1.666237 
 10.08566 
 5.734007 
-7.37509 
 6.724604 
-9.223889 
 4.568841 
-2.101369 
-10.02678 
 2.652923 
 5.638051 
 13.7057 
 1.189453 
 1.910355 
-.8856472 
-5.677883 
-6.071604 
 4.205397 
-4.880754 
-12.18009 
-.5774513 
-8.272405 
-8.510572 
-1.558151 
-12.36598 
 2.672948 
-.2804308 
-7.122715 
-6.324818 
-12.56934 
-13.93112 
-14.66544 
 6.1233 
-9.300879 
 8.825852 
-9.229688 
-6.567782 
-8.779509 
-2.869563 
 2.985738 
-8.002842 
 7.628026 
-.2121369 
-8.151096 
-12.44796 
 5.844469 
-4.454857 
-.5255324 
 .6069219 
-7.943151 
 4.886925 
 13.44514 
-6.974355 
-12.08157 
 4.537235 
 7.917241 
-1.663036 
 3.004417 
-7.300522 
 9.611634 
-1.463624 
-10.61531 
 6.760598 
 10.82187 
 5.67614 
 6.230313 
 13.11652 
-2.591491 
-11.5799 
 6.773975 
 10.32722 
-4.681722 
 3.901532 
 5.156886 
 4.435111 
-10.33519 
 8.306994 
 12.0821 
-2.980042 
-1.028748 
 8.776975 
 1.316821 
 12.37246 
-3.055147 
 8.099562 
-7.240697 
-5.672815 
-2.978312 
 1.970759 
 11.12368 
 13.03004 
 13.33198 
-4.505353 
 7.695556 
 6.58581 
-8.190391 
-7.029432 
-1.290902 
 2.800728 
 5.750861 
-3.432833 
-5.868713 
-3.821611 
-4.719904 
 1.96334 
 4.371403 
-1.297139 
-1.084252 
-4.811766 
 4.90672 
 11.92781 
 5.058318 
-7.609594 
-8.034438 
 6.899243 
 5.726741 
-2.008816 
-3.291178 
-4.743726 
 9.675552 
 5.780777 
-3.476563 
 4.265184 
 9.881687 
-6.961942 
 8.918196E-02 
 10.58931 
-6.210262 
 5.658936 
-5.196805 
 10.4991 
-1.398957 
-4.464946 
-.8145695 
 4.919323 
 2.829486 
 5.111024 
 2.345944 
 6.756496 
-1.040592E-02 
-2.101849 
 2.307091 
 9.800459 
-5.364219 
-11.96873 
-9.634436 
-3.242962 
-8.600864 
 4.180172 
-8.837269 
-6.498075 
 3.291192 
-7.704178 
-5.634531 
 1.4524 
 7.001485 
 .1967752 
-2.822656 
-8.090558 
-5.307176 
 7.888728 
 .1789289 
-9.899127 
 8.999032 
 1.582283 
 6.12611 
-3.575076 
-7.89254 
 .6530026 
 11.36425 
 8.619608 
 9.149625 
 3.658265 
 4.42029 
 3.556522 
 5.487322 
 1.191603 
-10.24778 
 5.014373 
 6.767526 
 8.501799E-02 
-3.441953 
 7.782732 
-6.934237 
 9.041957 
 9.894895 
 6.84791 
 3.063164 
-.919535 
-2.36341 
-12.70882 
-9.377238 
-6.75653 
 4.669264 
 12.18978 
 6.351442 
 12.78642 
-6.051533 
 1.81691 
 6.098586 
-4.432721 
 .8426074 
-3.688391 
-2.400831 
 11.05948 
 14.63179 
 7.04272 
 2.930813 
-7.584736 
-5.237748 
 9.509978 
-5.260046 
 .4559234 
-3.346477 
-2.149539 
 1.592419 
 8.683747 
-2.990113 
 8.03738 
-7.753073 
-5.155142 
 6.728058 
 11.11716 
-4.462141 
 8.895272 
 13.41819 
 6.262172 
-7.514811 
-11.99936 
 3.171664 
-2.935695 
-.7014644 
-4.207023 
-11.61218 
-.1357126 
-4.110445 
-12.83803 
 3.074617 
 .361417 
-8.869799 
 6.075974 
 9.740106 
 12.24274 
 2.102009 
 1.235069 
-5.922145 
 1.579275 
 1.054013 
 2.213798 
-.9952473 
-6.095437 
-6.652477 
-.3215881 
 7.478576 
-1.313637 
 .8010996 
-1.414209 
 2.018126 
-9.65428 
-5.478142 
-9.720177 
 7.112129 
 11.66634 
 14.22831 
 8.175653 
-8.13434 
 .8961051 
-3.503929 
 9.365312 
-4.348983 
 3.792698 
 9.972445 
-.2206167 
-10.00431 
 1.201671 
-1.094523 
 .6843503 
 112 
 6 
 10 
