 .4971602 
-1.109463 
 .6471453 
 2.33491 
 2.543034 
 2.538315 
 3.312644 
 3.052609 
 5.094801 
 4.3094 
 5.630039 
 7.362526 
 4.79653 
 6.26691 
 5.736403 
 5.184027 
 6.224329 
 5.326287 
 4.870995 
 4.117178 
 4.434776 
 5.643493 
 6.251272 
 6.889166 
 7.353894 
 7.439776 
 8.821545 
 10.32811 
 10.87002 
 12.00812 
 10.02201 
 11.86776 
 13.58784 
 11.37997 
 11.5727 
 9.235765 
 9.43119 
 10.66818 
 8.602776 
 7.455773 
 5.690008 
 4.191546 
 4.429683 
 5.038466 
 5.059932 
 4.161717 
 3.169182 
 1.62953 
 1.925343 
 3.660511 
 3.096242 
 2.200387 
 1.823428 
 .374436 
 1.154192 
 7.197869E-02 
-1.052319 
-.2127241 
-1.87149 
-1.597701 
-1.26462 
-2.799663 
-1.739788 
-3.235863 
-3.91055 
-1.561183 
-1.845061 
-.6706266 
-1.203463 
-2.906418 
-1.53227 
-.6035236 
 .9184877 
 1.646671 
-.8323162 
-.5317093 
 1.183632 
 2.135198 
 3.550016 
 2.184899 
 2.323165 
 3.361927 
 2.723004 
 2.927868 
 2.260902 
 1.032462 
 .201226 
 1.130515 
-.376802 
-1.325151 
-2.934627 
-3.651211 
-3.23773 
-4.506817 
-5.44918 
-5.412738 
-5.26963 
-7.144244 
-5.916921 
-6.105428 
-5.667371 
-5.80017 
-7.804757 
-5.704064 
-5.327947 
-4.547714 
-4.540307 
-4.663084 
-5.169288 
-6.04222 
-6.465074 
-7.236857 
-6.704746 
-9.027099 
-11.14835 
-12.12804 
-12.67304 
-12.89563 
-12.89212 
-15.33489 
-15.94276 
-14.84406 
-14.70207 
-14.04001 
-16.05208 
-16.1835 
-14.32145 
-14.22328 
-15.63203 
-15.73571 
-15.2824 
-14.03707 
-13.83542 
-15.66638 
-15.26633 
-16.52303 
-16.21475 
-17.00064 
-16.45358 
-17.89345 
-19.00647 
-19.20267 
-18.89375 
-16.80714 
-18.40256 
-17.89128 
-19.03153 
-18.94827 
-19.37216 
-20.31269 
-18.81281 
-19.87584 
-21.56884 
-22.7235 
-23.6822 
-23.0816 
-24.69521 
-25.24124 
-25.86928 
-25.27951 
-25.2274 
-25.53815 
-24.13625 
-25.19378 
-23.80322 
-24.4936 
-23.16093 
-21.9853 
-20.95147 
-21.70299 
-21.47653 
-20.55096 
-21.02585 
-20.51056 
-21.44276 
-20.83041 
-18.90487 
-20.17911 
-22.28089 
-22.54933 
-22.97835 
-20.18373 
-20.91177 
-22.2861 
-21.52598 
-20.26579 
-18.39781 
-17.48715 
-16.18491 
-15.50083 
-14.4472 
-14.06501 
-12.75748 
-12.13869 
-12.68297 
-12.4499 
-11.68917 
-10.91199 
-11.90557 
-11.97816 
-12.50098 
-11.16224 
-10.96562 
-10.55362 
-9.341089 
-10.37354 
-10.49015 
-10.99483 
-11.35887 
-10.08025 
-11.11804 
-11.32434 
-12.17465 
-11.9805 
-11.83994 
-13.36405 
-12.47956 
-12.04551 
-10.55429 
-9.721252 
-11.43862 
-9.948002 
-9.989431 
-8.292333 
-8.635923 
-10.7256 
-8.936419 
-10.01789 
-8.741558 
-10.93624 
-13.13274 
-13.0952 
-14.56816 
-13.92433 
-14.75943 
-15.51929 
-17.07247 
-18.25849 
-16.78624 
-15.82098 
-15.77652 
-15.28474 
-14.53407 
-14.85249 
-13.622 
-13.17359 
-13.27061 
-12.64311 
-13.94463 
-14.05898 
-11.96396 
-12.35443 
-11.87577 
-12.26343 
-12.11461 
-11.25944 
-10.7022 
-10.23342 
-9.116753 
-9.429644 
-9.551577 
-10.28476 
-11.47703 
-10.9983 
-13.13189 
-12.78144 
-11.79488 
-12.66815 
-13.43948 
-13.16457 
-14.01281 
-12.92679 
-12.97278 
-13.47197 
-12.00464 
-13.68776 
-13.84279 
-12.6942 
-13.01937 
-11.73508 
-12.1902 
-12.18609 
-10.22175 
-11.17913 
-9.205332 
-8.112281 
-8.205069 
-8.548288 
-10.45691 
-10.12308 
-8.66464 
-9.846509 
-10.66349 
-10.61177 
-10.15157 
-9.743874 
-9.583014 
-8.585604 
-7.291219 
-5.242493 
-4.627743 
-3.491503 
-3.660384 
-1.862722 
 .1228128 
 1.72362 
 1.197586 
-1.22437 
-.8708174 
-.9699241 
-.38342 
-.9182359 
-3.366708 
-4.890727 
-5.381999 
-4.323865 
-4.549805 
-6.482111 
-5.934187 
-5.831015 
-5.289776 
-4.484642 
-6.10432 
-5.081628 
-6.126722 
-5.500546 
-4.378381 
-5.476391 
-5.880053 
-5.551266 
-4.196003 
-2.636651 
-2.914042 
-3.669862 
-1.591897 
-2.010205 
-1.455139 
-2.29238 
-3.173497 
-3.503445 
-3.464828 
-3.149281 
-4.637937 
-4.4522 
-6.067733 
-4.456464 
-2.780624 
-3.547704 
-4.126008 
-4.601846 
-4.133568 
-2.825913 
-3.498173 
-3.808679 
-4.996467 
-5.1364 
-3.218248 
-4.431351 
-2.318679 
-4.350983 
-2.691375 
-1.014683 
-1.447091 
 .9267068 
 4.715395E-02 
 .6891799 
 2.063352 
 1.129444 
 2.074314 
 2.991481 
 1.536035 
 2.18948 
 .6897215 
 .5859967 
 .6651549 
 .1736904 
-.9809493 
-2.438791 
-1.232813 
-2.951849 
-2.268575 
-1.937976 
-3.850225 
-1.444761 
-1.549138 
-1.2717 
-.1603904 
-.1557131 
 2.043598 
 2.66398 
 1.620353 
 1.095091 
 1.595997 
 1.545387 
 1.536809 
-.452859 
-1.761202 
-1.447617 
-2.393448 
-2.921693 
-2.638453 
-3.518438 
-4.333425 
-4.485686 
-5.920475 
-3.778496 
-2.725454 
-3.185879 
-4.266842 
-5.911843 
-6.51747 
-6.3327 
-5.711767 
-7.43343 
-7.112508 
-7.371384 
-8.045666 
-7.666869 
-9.458471 
-8.700224 
-8.893103 
-7.658554 
-6.146712 
-6.264644 
-7.349443 
-8.735167 
-7.576084 
-5.858053 
-4.805498 
-6.056548 
-6.952825 
-7.108576 
-5.982856 
-6.180782 
-6.870626 
-7.830135 
-7.927072 
-8.902763 
-9.117677 
-9.770314 
-8.586557 
-7.084343 
-6.894854 
-5.742305 
-6.761348 
-4.543809 
-1.915485 
-1.193573 
-1.142353 
-.8399927 
-1.329412 
-.396257 
-.5295827 
-2.527004 
-3.049897 
-4.958807 
-5.643508 
-4.883128 
-6.455277 
-8.056722 
-7.701059 
-8.441146 
-8.540051 
-9.262051 
-8.786666 
-8.090469 
-7.91466 
-7.739459 
-8.202143 
-5.903674 
-5.690727 
-4.960471 
-5.241565 
-5.220081 
-3.211284 
-2.89373 
-1.687609 
-3.053363 
-2.322195 
-.5106844 
-1.239754 
-.4645609 
-2.427997 
-2.509822 
-3.691691E-02 
 .0829269 
-.0608992 
-1.124752 
-2.338233 
-.9366786 
 .626493 
 1.847686 
 .985978 
 .4439039 
 .2253967 
-.1493815 
 .7168349 
 .1273696 
 .2412912 
-.2587035 
-.2044931 
 1.01859 
 1.821559 
 1.891028 
 1.93393 
 2.010629 
 2.464202 
 2.089756 
 .811112 
 .152463 
-1.223312 
-1.959337 
-2.382391 
-2.919406 
-5.143308 
-5.580059 
-6.624215 
-6.921893 
-5.777857 
-6.951041 
-6.876108 
-8.520158 
-7.816528 
-6.694254 
-6.365948 
-6.2244 
-5.988726 
-5.727128 
-6.147368 
-6.592862 
-5.995018 
-4.02081 
-5.358032 
-6.022259 
-5.865249 
-6.384022 
-4.233321 
-4.670773 
-4.930473 
-3.7795 
-3.89801 
-1.788632 
-1.387585 
-3.55515 
-2.78056 
-.3066143 
-.4304407 
 1.273666 
-1.292326 
-1.404923 
 .1413607 
-.3716618 
-.3850401 
-2.822405 
-3.193223 
-3.449219 
-2.798299 
-4.029781 
-4.583126 
-4.494885 
-5.466346 
-6.850344 
-7.00989 
-6.082255 
-5.42157 
-5.640133 
-6.351623 
-5.682583 
-5.654794 
-4.029356 
-3.145439 
-2.147479 
-.618125 
-1.70645 
-9.146869E-02 
-.6762576 
-.8336024 
 1.082431 
 1.105852 
 1.075624 
-1.023931 
-2.456039 
 .0210678 
 .2375765 
-1.233932 
-1.505368 
-1.765488 
 .2076227 
 .2513542 
-.9710643 
 .5481768 
 1.617173 
 3.474234 
 3.387685 
 2.414692 
 3.449027 
 3.623147 
 3.868089 
 3.273881 
 3.202412 
 2.310247 
 .6534781 
 .19473 
 1.362025 
 2.107204 
 .8663841 
-1.247877 
-.8723832 
 1.409326 
 2.544367 
 1.974553 
 1.035668 
 1.144413 
 2.94518 
 2.377112 
 2.433073 
 3.484622 
 3.134793 
 2.519006 
 .9922718 
 2.156922 
 2.856941 
 2.135227 
 1.735515 
 1.332202 
 2.695223 
 2.290049 
 1.106711 
 1.167529 
-.1774777 
 1.781116 
 1.176305 
 .5811722 
-.5876352 
-.7510543 
 .0906254 
 .31091 
-.2732633 
-1.372071 
-1.568425 
-2.078463 
-1.362747 
-1.987213 
-3.842989 
-5.510483 
-6.494896 
-7.04728 
-5.975497 
-6.875303 
-6.017928 
-6.061097 
-6.334411 
-5.24431 
-5.703429 
-3.222909 
-2.781407 
-2.321195 
-1.726597 
-1.829222 
-.0834648 
-6.668103E-02 
 .9448764 
 .5303451 
 1.41217 
 2.025605 
 2.712184 
 2.803235 
 1.862226 
 1.564408 
 2.896138 
 3.102396 
 2.692044 
 2.331676 
 .5794546 
 1.553035 
 .575315 
 1.233331 
 .152012 
-2.005708 
-2.677157 
-4.797809 
-3.995413 
-4.360129 
-5.331897 
-5.849619 
-7.383381 
-6.424728 
-6.597757 
-7.978827 
-7.040257 
-8.708936 
-8.175936 
-8.229197 
-8.710063 
-6.63932 
-8.665855 
-8.783255 
-6.996471 
-5.292866 
-4.588017 
-5.46064 
-5.917355 
-5.53035 
-3.696253 
-3.786478 
-3.746885 
-3.778246 
-5.5964 
-4.090096 
-4.603253 
-5.689553 
-5.907954 
-5.712996 
-5.549908 
-5.759086 
-7.323409 
-8.244718 
-7.35812 
-8.568584 
-8.875727 
-9.385357 
-9.327703 
-10.44422 
-10.61839 
-11.06701 
-10.88468 
-11.62753 
-13.51149 
-13.82766 
-14.14958 
-14.0051 
-14.81108 
-16.53428 
-16.39975 
-15.83325 
-15.88547 
-15.8081 
-17.63892 
-17.21996 
-16.87886 
-16.23077 
-15.0376 
-16.80805 
-18.06545 
-17.77056 
-18.22534 
-16.50202 
-16.56589 
-16.81943 
-15.04977 
-14.95771 
-15.74117 
-15.58143 
-14.21457 
-14.18025 
-12.55995 
-13.8533 
-13.07528 
-12.22994 
-11.81735 
-11.98817 
-11.51289 
-9.344795 
-10.23106 
-7.838734 
-7.244415 
-5.485444 
-4.249619 
-4.575561 
-3.301369 
-2.926261 
-1.456682 
-1.062911 
 .3615324 
-.1350302 
-2.346985 
-1.906818 
-2.819716 
-2.150732 
-2.637659 
-4.428724 
-3.056987 
-5.63814 
-5.512394 
-5.275077 
-5.695451 
-5.64533 
-6.346216 
-6.384038 
-4.653798 
-5.099769 
-6.745762 
-6.570866 
-7.435475 
-6.754468 
-7.012738 
-6.755421 
-7.837024 
-7.95732 
-8.403669 
-6.6862 
-4.845402 
-6.146825 
-5.006661 
-3.986099 
-2.830858 
-1.230888 
-1.936543 
-1.053228 
-1.31435 
-.2452775 
-.7818051 
-.540934 
-3.125602E-02 
-2.151654 
-.3930301 
-.6250898 
 .4161665 
 .7288126 
-1.540311 
-1.103125 
-.216262 
-.6629364 
-1.093285 
-3.320044 
-4.27928 
-4.547054 
-4.360866 
-4.270744 
-5.927719 
-7.094697 
-7.627666 
-7.401087 
-7.152944 
-7.887651 
-6.797563 
-7.449806 
-9.513353 
-9.519382 
-10.03817 
-8.656139 
-9.495823 
-10.98961 
-12.07539 
-11.99833 
-12.22203 
-12.26106 
-11.74458 
-13.05552 
-12.26642 
-12.85752 
-13.8404 
-13.72833 
-14.79974 
-15.38286 
-14.83589 
-16.58808 
-18.52992 
-20.62019 
-20.87101 
-18.97117 
-19.39387 
-19.37276 
-19.1088 
-18.31143 
-18.37493 
-17.7942 
-17.25449 
-16.35009 
-15.6072 
-16.93653 
-16.74242 
-17.87968 
-17.27044 
-17.56395 
-17.93988 
-17.78092 
-18.29234 
-16.4159 
-18.28487 
-18.8695 
-19.75589 
-18.62889 
-16.6212 
-18.07299 
-19.15136 
-19.07112 
-18.95918 
-17.82287 
-18.59247 
-19.66616 
-16.85933 
-17.34166 
-17.32759 
-18.56529 
-17.75568 
-17.54968 
-16.33527 
-15.4852 
-17.07307 
-14.54918 
-15.81099 
-14.20783 
-13.74175 
-15.07273 
-13.3976 
-13.21464 
-12.56362 
-12.30962 
-12.19328 
-13.00281 
-13.69077 
-14.78196 
-15.4742 
-14.44807 
-14.2426 
-15.82845 
-17.22103 
-17.21376 
-16.96959 
-16.27201 
-15.89833 
-17.37883 
-17.14071 
-15.72514 
-15.38494 
-13.34732 
-13.03255 
-14.66145 
-12.76036 
-11.34576 
-9.009485 
-7.751402 
-9.646672 
-8.036008 
-8.547674 
-7.847469 
-7.689431 
-9.231904 
-8.000167 
-7.693681 
-8.189537 
-6.51878 
-6.090336 
-6.215094 
-4.264766 
-3.885306 
-2.713377 
-3.218036 
-4.744408 
-4.363458 
-4.348873 
-4.836593 
-5.694197 
-7.826804 
-8.316325 
-9.431752 
-8.397406 
-8.578012 
-10.6256 
-9.850792 
-10.12762 
-9.403988 
-9.128767 
-9.237335 
-6.937822 
-6.922219 
-7.651871 
-5.606739 
-3.329773 
-1.942023 
-1.487323 
-1.373267 
-.4211263 
 1.662061 
 2.280796 
 4.442583 
 3.631343 
 4.1449 
 5.464684 
 7.205238 
 9.175275 
 8.891436 
 10.34476 
 10.6353 
 12.35566 
 13.34795 
 13.05356 
 13.17042 
 12.87642 
 14.519 
 15.58177 
 14.16401 
 14.79951 
 14.57178 
 16.88739 
 17.59693 
 17.88044 
 18.47092 
 17.11744 
 19.36728 
 19.24858 
 20.85239 
 20.97683 
 20.33986 
 22.38932 
 21.13019 
 22.84344 
 22.72293 
 22.61757 
 22.32815 
 21.97645 
 24.03508 
 22.37004 
 21.6296 
 19.72311 
 19.8532 
 20.18645 
 18.28301 
 18.50725 
 18.12562 
 18.14247 
 15.97308 
 13.93784 
 14.4689 
 14.45609 
 14.71273 
 14.3479 
 12.82595 
 14.40234 
 13.86103 
 13.94062 
 15.59298 
 15.19966 
 15.97456 
 15.76788 
 16.87865 
 17.80107 
 16.69111 
 17.07598 
 15.91156 
 15.22766 
 14.79432 
 13.23224 
 13.83938 
 13.46555 
 11.11308 
 11.59994 
 10.57645 
 9.004251 
 10.69836 
 8.052369 
 8.066775 
 7.732265 
 5.738918 
 7.425726 
 5.243143 
 3.406074 
 3.86338 
 3.496273 
 4.719032 
 2.741102 
 3.187802 
 2.844769 
 2.724166 
 1.707336 
 1.663429 
 2.869463 
 2.252978 
 3.01078 
 .9955482 
 2.22964 
 .9138483 
 1.52512 
 2.633463 
 2.038573 
 1.824227 
-.4578576 
 1.079129 
 .2010587 
-.4845574 
-1.320514 
-2.50921 
-1.156044 
-2.996364 
-3.958075 
-3.505135 
-3.478572 
-2.015326 
-3.640938 
-4.987541 
-3.682515 
-3.433807 
-2.119061 
-3.088559 
-3.888173 
-4.453443 
-3.263563 
-3.068879 
-2.570076 
-3.112975 
-4.034928 
-4.161947 
-3.792401 
-1.91887 
-3.415987 
-3.605274 
-4.835392 
-5.483266 
-4.011345 
-3.212277 
-4.539916 
-3.669599 
-6.299032 
-4.468466 
-1.690189 
-2.283722 
-.9495087 
-3.114331 
-2.689763 
 .0432345 
 1.117106 
 2.710796 
 .7423239 
-1.1549 
-.4808326 
-1.242139 
-.643894 
-.5561464 
-2.258829 
-2.318185 
-2.68072 
-4.303543 
-2.244124 
-2.075923 
-2.326771 
-2.486292 
-3.271414 
-3.535641 
-2.28152 
-3.200565 
-3.037332 
-3.520107 
-5.239673 
-4.544899 
-5.31649 
-4.547189 
-6.50065 
-8.393535 
-6.731898 
-6.719506 
-7.379278 
-8.558039 
-9.975058 
-7.59914 
-7.118028 
-6.670725 
-7.064729 
-7.422942 
-7.088054 
-8.030343 
-8.576273 
-8.025448 
-7.35991 
-8.492783 
-9.396445 
-9.124793 
-7.664433 
-6.711643 
-6.181085 
-6.792205 
-6.314963 
-4.55886 
-4.510084 
-2.723967 
-2.824014 
-4.202123 
-1.729087 
-2.04274 
-1.764766 
-2.214178 
-1.857762 
 .5586106 
-.8898745 
-.3001627 
-.7445651 
 1.122554 
 2.933624 
 1.340635 
 2.56556 
 3.788584 
 3.872511 
 5.374701 
 4.63976 
 4.823848 
 4.483646 
 2.22633 
 3.964603 
 5.081473 
 3.807776 
 3.008574 
 3.008862 
 2.854041 
 3.858313 
 2.45371 
 3.988412 
 4.295119 
 4.099799 
 4.163499 
 3.324381 
 3.142547 
 3.337765 
 4.190089 
 5.053588 
 3.009964 
 .3488034 
 2.774017 
 1.908219 
 3.467039 
 2.064455 
-.2423503 
 .4416653 
 .3253208 
 2.413471 
 1.553652 
 .186296 
 .6202586 
 2.318788 
 3.050739 
 2.604931 
 1.281976 
 3.544235 
 3.83719 
 2.212447 
 1.960553 
 1.352316 
 2.244011 
 1.943643 
 1.251363 
 1.332514 
 .7174283 
-.8678924 
-1.172317 
-1.328156 
 .609489 
-1.182304 
-1.972684 
-1.518953 
-2.988311 
-2.307847 
-2.429186 
-1.244022 
-.3967474 
-1.997539 
-2.461505 
-2.741916 
-2.630362 
-1.914997 
-2.388016 
-2.26294 
-3.119074 
-4.477774 
-4.788651 
-4.953031 
-3.733897 
-4.757798 
-4.472699 
-6.9572 
-6.95657 
-6.269571 
-6.298544 
-6.49933 
-7.334205 
-6.646048 
-6.178127 
-5.115249 
-5.389568 
-4.147593 
-5.310126 
-3.979808 
-4.072032 
-2.286805 
-1.544512 
-1.39533 
-2.157785 
-1.631306 
-.2568568 
 .2047952 
 1.528843 
 1.880099 
 3.333755 
 2.924308 
 4.008328 
 3.332097 
 5.705851 
 7.292296 
 6.009287 
 5.282163 
 4.933537 
 4.823058 
 5.914705 
 5.028194 
 2.694904 
 3.370658 
 2.374551 
 3.058657 
 3.449626 
 3.473708 
 3.002129 
 2.123888 
 2.930344 
 4.725892 
 5.390204 
 5.505258 
 5.244323 
 5.468189 
 6.520241 
 5.590617 
 6.573752 
 7.216159 
 7.058344 
 7.993201 
 7.066537 
 6.392493 
 7.282777 
 6.778841 
 6.524339 
 5.022486 
 3.583924 
 3.666498 
 3.022434 
 3.329162 
 2.048377 
 .7372298 
 .3055575 
-.3827337 
 1.454033 
 .6627228 
-1.174695 
 .5647925 
-.8284207 
 .2089853 
 1.122416 
-.489596 
 .3840209 
-.3728648 
 .7340106 
 1.438421 
 2.130656 
 2.520218 
 2.277278 
 1.81997 
 .2744239 
 .6007314 
 2.769874 
 1.285832 
-.2586566 
-.5064577 
-1.813006 
-.9208708 
-3.251194 
-4.198161 
-3.627722 
-3.000441 
-4.774841 
-4.973113 
-6.613609 
-6.248667 
-4.474762 
-4.943005 
-4.422239 
-4.843865 
-5.346779 
-3.547833 
-3.227073 
-4.667625 
-4.455065 
-4.905484 
-4.584092 
-3.97228 
-6.083398 
-6.766643 
-5.085166 
-6.077182 
-3.588592 
-4.688741 
-4.078712 
-2.246669 
-3.141636 
-2.677591 
-2.391689 
-.2667262 
 1.099109 
 .4544545 
-.8121278 
-.976723 
 1.128894 
 1.150381 
 1.885428 
 1.847821 
 .3289466 
 2.351485 
 2.481414 
 3.461415 
 2.524755 
 1.526305 
 1.674264 
 2.992305 
 4.191905 
 2.819145 
 1.318908 
 .2707464 
 1.029729 
 2.81799 
 2.149898 
 .1381624 
 .5415449 
 .4723169 
 1.611694 
 1.460087 
 1.2674 
 .5975829 
 .7414839 
 2.103047 
 3.225002 
 4.872363 
 2.869102 
 2.810642 
 4.658854 
 4.681575 
 7.143706 
 7.357802 
 7.70632 
 9.392366 
 7.737862 
 10.12349 
 10.20649 
 11.90261 
 13.55776 
 13.76801 
 14.71366 
 14.63021 
 14.37871 
 14.86915 
 15.58845 
 15.59437 
 15.284 
 13.77894 
 14.27023 
 12.59764 
 12.01368 
 9.381902 
 9.799168 
 9.506662 
 8.997439 
 9.510697 
 9.041235 
 9.835987 
 9.413846 
 9.464619 
 9.532485 
 9.826185 
 8.949641 
 9.196653 
 8.00718 
 7.15009 
 6.432561 
 6.600929 
 6.266096 
 5.585336 
 6.269782 
 6.490519 
 8.776213 
 7.299501 
 7.221413 
 6.244093 
 6.971772 
 7.37062 
 5.989117 
 5.922498 
 5.985708 
 6.514376 
 6.22925 
 5.553401 
 6.47134 
 8.750638 
 8.453828 
 10.09701 
 9.431408 
 9.644691 
 11.60267 
 10.96213 
 13.23196 
 11.81597 
 12.20865 
 14.14652 
 13.37234 
 13.77118 
 12.15671 
 13.8765 
 14.104 
 14.66956 
 12.81283 
 12.96044 
 12.08945 
 12.40826 
 12.34077 
 11.29331 
 11.53709 
 9.068385 
 8.906357 
 7.191378 
 5.832318 
 6.992648 
 7.208028 
 6.221009 
 4.394035 
 3.433638 
 5.389427 
 6.403044 
 6.736394 
 4.340826 
 5.101855 
 4.937631 
 4.838864 
 5.966547 
 5.106659 
 6.834727 
 5.60589 
 6.164133 
 6.073039 
 6.823438 
 8.667203 
 9.274578 
 10.42807 
 9.769144 
 9.702744 
 10.07812 
 11.28041 
 10.86803 
 10.15021 
 10.66927 
 9.740847 
 10.95839 
 9.873872 
 7.859897 
 10.06376 
 8.472141 
 8.909748 
 7.771609 
 6.703347 
 7.18489 
 6.65014 
 5.687889 
 5.584026 
 6.033464 
 4.276383 
 4.12765 
 3.401675 
 4.788569 
 4.686971 
 4.635342 
 3.91123 
 2.941005 
 4.306238 
 4.133908 
 6.527065 
 6.180105 
 5.011982 
 6.996847 
 6.286227 
 6.316803 
 6.771704 
 5.418006 
 5.829826 
 5.310734 
 3.340075 
 3.41841 
 1.979059 
 1.541608 
 3.584006 
 3.21745 
 3.658576 
 2.91691 
 2.36672 
 4.671994 
 5.34973 
 5.75127 
 5.755697 
 3.893276 
 5.936704 
 5.987371 
 5.639471 
 4.783047 
 2.538286 
 3.852928 
 2.453738 
 3.991505 
 4.23156 
 4.409022 
 5.63675 
 5.632826 
 6.628192 
 8.743082 
 9.419654 
 10.17966 
 12.29612 
 12.74764 
 13.93321 
 13.22001 
 11.93862 
 13.25199 
 12.98847 
 11.8242 
 10.91372 
 10.03786 
 9.987107 
 9.358513 
 8.008825 
 6.790028 
 6.173191 
 5.516044 
 5.785779 
 5.49903 
 6.205514 
 4.896808 
 4.286314 
 5.392246 
 4.409815 
 5.05884 
 3.816147 
 3.852639 
 5.203889 
 5.801918 
 4.947909 
 4.38536 
 4.293775 
 3.414377 
 3.437504 
 4.145811 
 4.242028 
 3.549346 
 2.185251 
-.2560422 
 1.924292 
 2.067009 
 1.281671 
 .7546952 
-.9820291 
 1.282797 
 2.105511 
 2.533082 
 1.603116 
 .0333038 
 .9010234 
 .4208121 
 .535659 
-.2898231 
-.4346555 
-1.077017E-02 
-.2957594 
-2.505569 
-3.238033 
-1.998266 
-.1059808 
 1.447219 
-.7259512 
-1.18204 
-.461404 
 2.112403 
 2.902017 
 2.044009 
 2.007963 
 2.398274 
 4.459263 
 5.570539 
 5.927099 
 6.854327 
 5.769807 
 7.693066 
 9.988194 
 9.895842 
 12.42353 
 11.0428 
 12.55441 
 13.87686 
 13.07688 
 14.25666 
 14.52653 
 15.38846 
 15.50681 
 13.63155 
 13.89235 
 15.52694 
 15.38355 
 15.17533 
 14.77033 
 15.10843 
 15.94875 
 14.44666 
 14.3626 
 14.61543 
 14.5731 
 15.01294 
 12.74141 
 12.94728 
 11.93315 
 11.89501 
 11.77248 
 10.81733 
 10.38666 
 10.52406 
 11.39342 
 10.13114 
 9.768889 
 8.139979 
 9.311371 
 9.749041 
 9.410563 
 7.953595 
 6.536368 
 8.426832 
 7.461386 
 6.837675 
 4.908081 
 4.029761 
 6.325272 
 4.471379 
 4.860578 
 2.783633 
 1.429269 
 2.984536 
 .7819443 
 2.341036 
 1.475525 
-.0325059 
-.7903377 
-1.142612 
-1.745821 
-2.648749 
-4.669576 
-6.609568 
-6.804976 
-7.746615 
-8.16658 
-8.773582 
-9.688084 
-10.84229 
-10.12129 
-8.199764 
-7.563864 
-8.453285 
-8.073274 
-8.240571 
-7.739247 
-7.402927 
-8.961899 
-7.164721 
-8.051923 
-10.04529 
-8.984132 
-8.756563 
-8.152407 
-9.070545 
-9.542061 
-8.438703 
-6.353143 
-5.826035 
-7.46583 
-5.732594 
-4.352087 
-4.22893 
-4.476423 
-6.364027 
-5.904331 
-5.687956 
-7.846017 
-8.652298 
-9.734491 
-10.92479 
-11.28569 
-13.72904 
-13.44093 
-14.4757 
-14.79284 
-14.12194 
-14.18183 
-14.20968 
-15.95979 
-14.29131 
-14.39367 
-13.22724 
-11.94136 
-12.71267 
-10.43976 
-11.85928 
-12.62359 
-10.45193 
-11.68955 
-11.59278 
-13.79346 
-15.14281 
-14.43967 
-14.89141 
-15.25153 
-15.25113 
-15.02633 
-14.81208 
-13.41919 
-11.69861 
-11.11901 
-10.72546 
-9.990073 
-7.9633 
-5.308413 
-5.304972 
-6.235864 
-6.979698 
-5.625319 
-5.478055 
-5.435914 
-6.28069 
-6.115911 
-5.031576 
-6.944082 
-8.663134 
-9.39108 
-7.375456 
-5.010879 
-5.356804 
-6.548997 
-7.5018 
-7.414245 
-5.409857 
-4.256819 
-5.233926 
-5.258347 
-6.92432 
-6.860086 
-6.153203 
-7.583841 
-5.857332 
-6.281473 
-6.43454 
-5.437834 
-6.391296 
-5.677788 
-4.104821 
-2.711328 
-.7958338 
-.288942 
-.12201 
 .907591 
 1.505797 
 2.797291 
 2.621381 
 2.431643 
 3.176906 
 1.606659 
 1.652063 
-.782485 
-.9665865 
-.242612 
-.8467489 
-1.325476 
-2.879391 
-1.463582 
-.7173641 
 .1192984 
-.3901693 
-1.799228 
-.7781802 
-.1715578 
-.3376393 
-.3142648 
-1.168715 
-.88982 
-.5148186 
-2.10938 
-2.234292 
-1.439703 
-.6945224 
 .7794702 
-5.413687E-02 
-1.798379 
-.82851 
 .9720235 
 3.196047 
 3.939068 
 2.805766 
 3.974996 
 4.354899 
 5.928332 
 6.252038 
 6.352274 
 6.628597 
 5.371724 
 5.065341 
 4.856639 
 5.79123 
 4.96829 
 3.321972 
 3.162695 
 3.414543 
 5.122528 
 4.52743 
 2.07721 
 2.338495 
 3.572904 
 4.510106 
 4.317441 
 3.963646 
 3.82523 
 5.634535 
 5.392675 
 4.386256 
 4.237459 
 4.8566 
 4.793653 
 3.639157 
 1.480699 
 .2132369 
 .4287291 
-.2545844 
-.0334267 
-.981221 
 .1520699 
 1.095056 
 1.610491 
 2.391283 
 2.85514 
 4.485756 
 5.005436 
 6.097245 
 5.516499 
 5.865917 
 4.769452 
 2.968508 
 4.80716 
 4.286988 
 5.172809 
 3.658104 
 1.450976 
 1.582474 
 .129714 
 .2900721 
-.1477509 
-1.238756 
-1.055742 
-3.58634 
-3.640399 
-3.448058 
-4.042734 
-3.183788 
-3.60367 
-2.075947 
-.4410855 
-1.294649 
-2.058772 
-1.704235 
 2.643198E-03 
 2.110461 
 1.039453 
 .1139588 
-.8443983 
-1.005029 
 .4356356 
-1.878373 
-1.375153 
-1.831843 
-1.750292 
-.1280926 
-1.022416 
 .9720489 
 .120098 
 .4687182 
 2.648603 
 4.422619 
 6.324502 
 4.142535 
 3.010068 
 3.252231 
 3.21301 
 2.728867 
 2.181474 
 2.204966 
 2.598305 
 .2287724 
 .2542009 
 1.429749 
 2.702209 
 3.108947 
 2.402653 
 3.783644 
 3.000304 
 3.757148 
 3.816202 
 4.376139 
 5.684034 
 5.295857 
 5.778372 
 6.751688 
 5.691589 
 5.673446 
 6.829081 
 7.400923 
 6.789726 
 6.148154 
 5.476245 
 7.109229 
 6.81855 
 4.642663 
 6.130544 
 7.293807 
 8.67955 
 7.585983 
 5.538744 
 5.235123 
 6.425382 
 7.302128 
 5.314018 
 5.3455 
 5.43074 
 5.744347 
 7.343442 
 6.483357 
 6.244164 
 6.470508 
 7.155531 
 8.250846 
 8.635492 
 8.411441 
 7.265725 
 7.66722 
 7.514541 
 6.993298 
 8.398651 
 8.943275 
 8.822222 
 8.033561 
 6.356485 
 6.641167 
 6.468605 
 7.270297 
 6.668668 
 4.642231 
 4.525983 
 4.896858 
 5.290112 
 5.700115 
 6.097798 
 5.305155 
 6.462241 
 5.583925 
 5.331952 
 7.340258 
 7.375736 
 6.159584 
 5.185877 
 4.64947 
 5.429685 
 7.437335 
 7.36494 
 7.487657 
 8.531815 
 9.63125 
 10.77352 
 12.74186 
 12.33344 
 11.8853 
 13.66672 
 12.62519 
 14.35061 
 12.51508 
 10.30163 
 10.52665 
 8.566311 
 8.126694 
 7.480085 
 7.548094 
 8.418715 
 8.238595 
 7.433466 
 7.524299 
 8.277473 
 10.00379 
 11.41199 
 13.1381 
 13.11488 
 13.84765 
 14.77711 
 15.02296 
 15.02693 
 15.88627 
 16.9101 
 16.53821 
 14.8753 
 12.81422 
 14.06204 
 15.05059 
 13.46821 
 11.63797 
 9.603552 
 10.24469 
 11.2998 
 10.07745 
 7.834798 
 5.957975 
 6.078825 
 6.98366 
 5.309651 
 2.553464 
 1.891878 
 3.272426 
 4.974689 
 4.880346 
 4.395787 
 4.427997 
 5.258459 
 6.833067 
 8.242477 
 8.314953 
 9.619841 
 8.768854 
 10.0359 
 11.26834 
 10.78708 
 11.26672 
 10.46659 
 10.4696 
 11.92558 
 13.24468 
 13.76024 
 13.46468 
 14.27087 
 14.68004 
 16.28135 
 18.74174 
 19.51455 
 21.33441 
 20.92553 
 20.44205 
 21.07882 
 23.07532 
 23.96943 
 23.60687 
 21.22541 
 21.57971 
 21.40934 
 21.31133 
 20.23 
 17.77796 
 18.84525 
 18.71544 
 17.00411 
 14.8323 
 13.3393 
 13.96432 
 16.00092 
 14.73527 
 12.36359 
 11.61022 
 11.71245 
 13.72458 
 13.77071 
 12.84531 
 13.21681 
 13.54774 
 14.05889 
 12.74587 
 12.65777 
 12.21962 
 11.73542 
 10.86602 
 10.34831 
 10.23709 
 7.781445 
 6.359557 
 6.352757 
 7.407802 
 6.625231 
 6.207266 
 6.44476 
 6.911378 
 6.073535 
 4.308747 
 6.21938 
 7.532525 
 7.736852 
 7.469347 
 6.233624 
 8.412608 
 10.44474 
 9.540249 
 10.81875 
 10.23658 
 9.933257 
 12.37472 
 10.23572 
 9.729437 
 10.11097 
 9.240875 
 11.07173 
 9.711285 
 9.123292 
 9.092267 
 10.47552 
 11.3529 
 11.20026 
 12.15535 
 10.40482 
 11.04203 
 10.86435 
 9.958591 
 9.86648 
 7.665138 
 8.453943 
 9.365967 
 8.321489 
 8.341492 
 5.911633 
 7.666405 
 9.637823 
 8.095786 
 8.973969 
 6.206044 
 6.795906 
 7.882505 
 7.124148 
 6.204287 
 3.562489 
 3.402796 
 4.438435 
 5.952274 
 5.328392 
 3.599579 
 2.805362 
 2.66352 
 4.750871 
 6.203029 
 5.630041 
 4.805361 
 4.377045 
 5.690327 
 7.424848 
 6.652909 
 6.064506 
 6.177038 
 6.485655 
 6.703161 
 6.022101 
 4.867748 
 3.821121 
 2.67681 
 1.675507 
 2.616728 
 2.319604 
 2.157616 
 1.413662 
 1.938597 
 3.291795 
 4.029501 
 4.021803 
 4.410193 
 6.611209 
 7.279455 
 6.609604 
 6.880942 
 5.474366 
 7.472339 
 7.33432 
 5.131698 
 6.73842 
 5.948008 
 8.118381 
 7.329545 
 6.349531 
 6.758673 
 6.628829 
 7.446337 
 7.743829 
 7.145994 
 5.66403 
 5.3166 
 3.813508 
 3.751853 
 3.113023 
 .4593511 
 1.506958 
 .4349287 
-1.092931 
-1.476734 
-4.082266 
-4.519349 
-5.829467 
-5.393929 
-7.112489 
-6.958784 
-9.441679 
-11.0365 
-10.53328 
-11.74715 
-9.864805 
-12.14751 
-11.33604 
-12.29743 
-13.15193 
-13.75099 
-13.55188 
-12.97993 
-13.04135 
-13.75932 
-15.72952 
-13.66121 
-12.84163 
-13.87752 
-14.81806 
-14.68606 
-12.94922 
-11.88262 
-12.61239 
-14.59535 
-12.17681 
-11.77774 
-13.29241 
-11.62761 
-11.42801 
-9.665157 
-9.523403 
-9.29751 
-8.806423 
-8.944386 
-7.392678 
-5.817792 
-5.332327 
-5.406582 
-6.13822 
-4.570686 
-4.896288 
-4.428787 
-2.658289 
-2.908032 
-2.557608 
-2.824697 
-1.633643 
 .889698 
-.6233261 
 .398787 
 .3389368 
-.2182888 
 1.012767 
 .5674423 
 2.818119 
 2.824523 
 3.490212 
 2.338428 
 3.678831 
 5.369039 
 5.290444 
 5.806356 
 4.871328 
 6.226834 
 7.243799 
 5.42231 
 4.262345 
 4.05527 
 3.962161 
 4.877351 
 4.682881 
 3.777802 
 3.410211 
 2.437338 
 3.521354 
 5.142501 
 4.988117 
 3.810359 
 2.575674 
 4.337864 
 5.944583 
 5.65532 
 4.239518 
 3.081279 
 5.387073 
 6.115964 
 5.041999 
 5.285623 
 5.794638 
 5.881149 
 6.41141 
 6.975807 
 6.447317 
 8.242797 
 6.243818 
 7.806345 
 8.441198 
 6.821201 
 7.665562 
 7.397733 
 8.873251 
 8.774296 
 8.320143 
 8.994061 
 9.275944 
 9.106143 
 9.848846 
 10.90956 
 10.5615 
 9.02725 
 7.977547 
 8.177794 
 8.266279 
 8.008072 
 5.564529 
 4.332611 
 4.827711 
 2.894899 
 3.236361 
 2.39928 
 2.677399 
 3.037176 
 1.67602 
 .4214393 
 .4249688 
 2.267973 
 1.797489 
 .2977806 
 .8196323 
 .3512664 
 2.089598 
 1.214079 
-.7410008 
 .968441 
 2.135777 
 3.390654 
 3.51435 
 2.806468 
 3.504451 
 5.025839 
 6.113157 
 6.781587 
 5.611982 
 6.863707 
 7.676921 
 7.903854 
 7.381751 
 7.098192 
 6.887501 
 8.708848 
 9.253652 
 9.226089 
 10.27516 
 8.908274 
 9.850724 
 9.207737 
 8.917273 
 8.485833 
 8.956845 
 9.879471 
 8.723001 
 9.240248 
 7.556767 
 8.653884 
 10.46666 
 9.981083 
 11.39325 
 9.705564 
 9.86347 
 11.76704 
 12.26237 
 12.71521 
 12.24156 
 10.99191 
 11.88511 
 14.36396 
 13.6309 
 13.82831 
 12.31695 
 11.70245 
 13.11284 
 13.01207 
 12.47752 
 12.97947 
 11.55228 
 11.35318 
 13.1386 
 13.43864 
 13.45034 
 13.33112 
 14.1159 
 15.20396 
 15.04082 
 12.87151 
 14.68123 
 15.34847 
 15.49287 
 13.80195 
 11.32475 
 12.34257 
 11.30626 
 9.862892 
 0 
 10 
 1 
