-.5140681 
-.7256486 
 .1954747 
 .9256599 
 .5977576 
 1.756137 
 2.674934 
 1.529998 
 2.647903 
 2.278962 
 2.319076 
 2.969337 
 1.8146 
 2.029663 
 1.93068 
 1.402864 
 1.698217 
 2.053968 
 1.438301 
 .8679178 
 1.69055 
 2.491933 
 2.691985 
 3.890471 
 4.887738 
 4.150943 
 4.60161 
 5.76584 
 5.063362 
 5.098602 
 4.056024 
 5.27458 
 5.666387 
 4.389674 
 4.535703 
 3.482774 
 2.447757 
 3.176824 
 2.602179 
 1.431278 
 .9023768 
 .5960642 
 8.853247E-02 
 1.218226 
 2.415517 
 2.143027 
 1.562989 
 .691698 
-.1649684 
 .2061203 
-2.257021E-02 
-.2422075 
 .2963522 
-.1446084 
 .1924848 
-.5464782 
-1.332433 
-1.109144 
-2.154921 
-2.239513 
-1.194746 
-1.78436 
-1.047849 
-1.342687 
-1.859517 
-.7841158 
-.4443113 
-.1182056 
-.2973524 
-1.307667 
-1.140876 
-.6394031 
 .4096533 
 1.249464 
 3.393703E-02 
 .1428863 
 1.190363 
 1.002809 
 1.441376 
 1.43329 
 1.453722 
 1.346025 
 .9633932 
 .7140004 
 .1265671 
-.9947592 
-1.630518 
-.4069156 
-1.509545 
-1.771106 
-2.093834 
-2.098572 
-2.945654 
-2.980861 
-3.563126 
-3.203344 
-3.065594 
-3.901491 
-2.757561 
-2.340862 
-2.302342 
-2.5556 
-3.519861 
-2.769235 
-2.843537 
-2.175993 
-1.912253 
-1.054713 
-2.257183 
-2.964816 
-4.009261 
-4.963975 
-5.33902 
-6.22311 
-7.421078 
-7.254867 
-6.787199 
-6.609066 
-5.718427 
-6.715596 
-7.425578 
-6.901128 
-6.948214 
-7.239776 
-8.050276 
-7.455415 
-6.300896 
-6.162363 
-7.135609 
-6.415383 
-6.59926 
-6.630013 
-6.584115 
-7.255816 
-7.613106 
-8.557401 
-8.246364 
-8.99676 
-7.829927 
-8.765773 
-8.820471 
-9.305396 
-8.274307 
-7.560555 
-8.05797 
-7.540531 
-8.079261 
-9.032886 
-10.12563 
-10.4722 
-9.63728 
-10.05285 
-10.6205 
-10.56456 
-11.07846 
-11.3705 
-12.40486 
-12.32633 
-12.94523 
-11.8983 
-11.55712 
-10.80022 
-9.614861 
-9.945566 
-9.738864 
-10.69926 
-10.25465 
-10.37987 
-9.116657 
-9.997685 
-8.83146 
-8.441047 
-8.741259 
-9.538749 
-9.494765 
-10.10795 
-8.763484 
-9.608202 
-10.70045 
-10.98418 
-10.75529 
-9.582786 
-9.391519 
-9.534384 
-8.564794 
-7.657781 
-7.147379 
-6.517352 
-5.200771 
-5.553028 
-5.510117 
-5.674915 
-5.126544 
-5.884603 
-6.020615 
-5.852182 
-5.001167 
-4.848533 
-4.983171 
-4.910978 
-5.548449 
-5.193115 
-5.167329 
-4.660434 
-3.639912 
-3.930224 
-4.389092 
-4.867691 
-5.700844 
-5.56924 
-6.211584 
-5.937037 
-6.222391 
-5.213184 
-5.216981 
-5.945049 
-5.42228 
-4.745012 
-4.410873 
-3.656103 
-4.472439 
-3.652436 
-4.365788 
-3.171347 
-4.234168 
-5.297377 
-4.505958 
-4.764786 
-4.809393 
-5.720668 
-6.63319 
-7.38973 
-8.455477 
-7.83034 
-7.669584 
-7.43988 
-8.080157 
-8.080793 
-7.379878 
-6.67089 
-6.859571 
-5.775692 
-5.098475 
-6.084983 
-5.685565 
-5.09236 
-6.262606 
-6.374142 
-6.558073 
-7.059483 
-5.766259 
-4.946533 
-4.403308 
-4.567393 
-3.931172 
-4.453869 
-4.771229 
-4.891702 
-3.721773 
-4.638763 
-4.224982 
-4.566669 
-5.518436 
-6.256703 
-7.259151 
-7.35675 
-6.126374 
-5.959786 
-5.914951 
-4.664331 
-5.329401 
-5.581624 
-5.788872 
-6.28225 
-6.211553 
-7.060585 
-6.947187 
-5.705508 
-5.504093 
-4.418247 
-3.978156 
-4.087182 
-3.560295 
-4.622692 
-3.931472 
-3.387174 
-3.36102 
-4.196176 
-4.850916 
-5.241071 
-4.472159 
-5.561389 
-5.460919 
-4.759038 
-3.954117 
-4.355515 
-3.120935 
-2.323165 
-1.859536 
-.8200445 
-5.689045 
-5.579156 
-5.492102 
-5.381596 
-5.256959 
-5.124178 
-4.999697 
-4.904455 
-4.829296 
-4.77384 
-4.718549 
-4.669121 
-4.641862 
-4.626795 
-4.603417 
-4.560661 
-4.518384 
-4.493614 
-4.446919 
-4.407714 
-4.378491 
-4.334403 
-4.306251 
-4.280998 
-4.27015 
-4.238013 
-4.199932 
-4.169047 
-4.144325 
-4.099723 
-4.050914 
-3.979053 
-3.907581 
-3.846764 
-3.766752 
-3.701583 
-3.65081 
-3.61846 
-3.594759 
-3.598373 
-3.587875 
-3.55827 
-3.541 
-3.512404 
-3.489188 
-3.448867 
-3.395782 
-3.347016 
-3.322204 
-3.302381 
-3.291318 
-3.268379 
-3.255785 
-3.226523 
-3.216614 
-3.201265 
-3.160692 
-3.134799 
-3.084898 
-3.057037 
-3.002809 
-2.942286 
-2.877538 
-2.792025 
-2.704365 
-2.632742 
-2.542932 
-2.4786 
-2.419031 
-2.346464 
-2.289534 
-2.240493 
-2.198098 
-2.15506 
-2.125474 
-2.091886 
-2.074816 
-2.080978 
-2.064841 
-2.070112 
-2.06646 
-2.040531 
-2.029705 
-1.994097 
-1.940137 
-1.89061 
-1.842606 
-1.780854 
-1.702176 
-1.631923 
-1.580131 
-1.539096 
-1.50373 
-1.48818 
-1.466217 
-1.466609 
-1.482902 
-1.487857 
-1.492134 
-1.513398 
-1.506762 
-1.501599 
-1.52353 
-1.548594 
-1.584224 
-1.604635 
-1.602651 
-1.582736 
-1.58084 
-1.600175 
-1.645522 
-1.708348 
-1.775732 
-1.857921 
-1.911009 
-1.941736 
-1.96671 
-1.977973 
-2.008016 
-2.050087 
-2.116431 
-2.162415 
-2.191071 
-2.202473 
-2.222301 
-2.24381 
-2.261227 
-2.261038 
-2.256902 
-2.268725 
-2.295817 
-2.3291 
-2.356918 
-2.392019 
-2.424076 
-2.458815 
-2.488048 
-2.540649 
-2.588601 
-2.650762 
-2.68518 
-2.694289 
-2.67556 
-2.638215 
-2.606431 
-2.55831 
-2.484228 
-2.4251 
-2.385108 
-2.33514 
-2.312705 
-2.299315 
-2.275298 
-2.272937 
-2.291634 
-2.320837 
-2.354286 
-2.383056 
-2.420901 
-2.468392 
-2.497102 
-2.534939 
-2.577994 
-2.624721 
-2.65082 
-2.680604 
-2.696663 
-2.703011 
-2.713788 
-2.698995 
-2.676118 
-2.652509 
-2.644269 
-2.631213 
-2.604383 
-2.580223 
-2.534066 
-2.500685 
-2.458598 
-2.395845 
-2.346472 
-2.305335 
-2.29163 
-2.289158 
-2.259735 
-2.216388 
-2.169441 
-2.117646 
-2.079695 
-2.042005 
-1.988901 
-1.917343 
-1.869851 
-1.821088 
-1.778048 
-1.75935 
-1.743529 
-1.716913 
-1.690784 
-1.670203 
-1.625462 
-1.555105 
-1.481487 
-1.407984 
-1.330043 
-1.276688 
-1.241978 
-1.219929 
-1.224712 
-1.248193 
-1.275129 
-1.29837 
-1.317468 
-1.32032 
-1.34793 
-1.379643 
-1.434376 
-1.497557 
-1.552937 
-1.605421 
-1.650759 
-1.703803 
-1.732486 
-1.745163 
-1.752963 
-1.76395 
-1.761504 
-1.777296 
-1.816462 
-1.868221 
-1.903903 
-1.91339 
-1.930721 
-1.937051 
-1.926816 
-1.942015 
-1.940239 
-1.939045 
-1.953626 
-1.961793 
-1.946888 
-1.907592 
-1.860655 
-1.841387 
-1.813434 
-1.760432 
-1.73558 
-1.686212 
-1.661376 
-1.648296 
-1.630749 
-1.596494 
-1.588175 
-1.604246 
-1.616004 
-1.637272 
-1.66241 
-1.685938 
-1.695627 
-1.707392 
-1.728234 
-1.771515 
-1.818194 
-1.859145 
-1.88407 
-1.903485 
-1.91362 
-1.906192 
-1.903176 
-1.88357 
-1.852038 
-1.810453 
-1.75706 
-1.721787 
-1.672188 
-1.647338 
-1.63673 
-1.601383 
-1.549197 
-1.513644 
-1.496178 
-1.493379 
-1.467011 
-1.454447 
-1.455372 
-1.44421 
-1.424041 
-1.389203 
-1.340903 
-1.304276 
-1.250646 
-1.186332 
-1.10193 
-1.035025 
-.9777825 
-.9191018 
-.8698933 
-.838195 
-.8029276 
-.7614005 
-.7407415 
-.7446512 
-.7409333 
-.7185902 
-.6890244 
-.6643139 
-.6573796 
-.6507692 
-.6182464 
-.5717659 
-.5330936 
-.4962967 
-.4579007 
-.4109898 
-.3907322 
-.3628772 
-.3138322 
-.2749282 
-.2581287 
-.2458604 
-.2189906 
-.2006575 
-.1876552 
-.1614033 
-.1393718 
-.1058881 
-7.299518E-02 
-5.897816E-02 
-5.754753E-02 
-7.881146E-02 
-.0731385 
-7.950108E-02 
-7.917679E-02 
-8.946466E-02 
-8.008816E-02 
-8.091152E-02 
-6.547468E-02 
-6.835661E-02 
-8.212106E-02 
-.1189279 
-.1549974 
-.1925697 
-.2236331 
-.2795359 
-.3437257 
-.4259744 
-.5152311 
-.587494 
-.6505345 
-.6861439 
-.7025838 
-.7154394 
-.7219117 
-.7450645 
-.7453203 
-.7553852 
-.7594905 
-.7579875 
-.7417184 
-.7139804 
-.6766428 
-.6259647 
-.589936 
-.5521182 
-.5148013 
-.4748969 
-.4480621 
-.4265485 
-.4137916 
-.3754128 
-.337061 
-.29522 
-.2564701 
-.2445021 
-.2395507 
-.2545926 
-.2606782 
-.2855759 
-.3262711 
-.3725519 
-.4396102 
-.4982814 
-.5440218 
-.5916337 
-.6420796 
-.6999249 
-.7449108 
-.8041875 
-.8866131 
-.9452514 
-1.02707 
-1.108559 
-1.174321 
-1.223911 
-1.254096 
-1.299095 
-1.34424 
-1.367593 
-1.371966 
-1.380865 
-1.391294 
-1.409445 
-1.440559 
-1.453621 
-1.463585 
-1.470872 
-1.470704 
-1.492871 
-1.50251 
-1.524863 
-1.570559 
-1.626954 
-1.656088 
-1.693547 
-1.721468 
-1.755734 
-1.795799 
-1.843848 
-1.905793 
-1.981349 
-2.058523 
-2.126584 
-2.206432 
-2.273291 
-2.332811 
-2.384487 
-2.457317 
-2.552537 
-2.663512 
-2.784652 
-2.90726 
-3.0211 
-3.142678 
-3.241612 
-3.315157 
-3.384441 
-3.457212 
-3.554485 
-3.661896 
-3.783962 
-3.893745 
-3.973134 
-4.059752 
-4.157281 
-4.230356 
-4.320803 
-4.403928 
-4.477889 
-4.542761 
-4.594205 
-4.624029 
-4.674179 
-4.727748 
-4.761103 
-4.805288 
-4.837447 
-4.873424 
-4.889038 
-4.906933 
-4.904904 
-4.917424 
-4.915931 
-4.891612 
-4.882559 
-4.84635 
-4.784688 
-4.703514 
-4.622554 
-4.534782 
-4.451081 
-4.387829 
-4.317724 
-4.242649 
-4.149515 
-4.065594 
-4.007882 
-3.950765 
-3.919011 
-3.894294 
-3.872222 
-3.861139 
-3.823912 
-3.813783 
-3.794973 
-3.769717 
-3.742644 
-3.741479 
-3.727712 
-3.723836 
-3.692925 
-3.673676 
-3.661702 
-3.659158 
-3.663996 
-3.682497 
-3.694643 
-3.694608 
-3.706587 
-3.713357 
-3.714988 
-3.688904 
-3.639179 
-3.603935 
-3.551999 
-3.486077 
-3.426479 
-3.360829 
-3.296797 
-3.234084 
-3.192725 
-3.126183 
-3.078686 
-3.027067 
-2.966403 
-2.92838 
-2.882615 
-2.824555 
-2.752271 
-2.685331 
-2.642745 
-2.600909 
-2.555696 
-2.53549 
-2.520192 
-2.525815 
-2.55022 
-2.583595 
-2.588544 
-2.587117 
-2.597587 
-2.611841 
-2.626817 
-2.664828 
-2.703508 
-2.743966 
-2.758267 
-2.784075 
-2.82651 
-2.866817 
-2.913969 
-2.958462 
-3.00676 
-3.066267 
-3.147192 
-3.217386 
-3.292323 
-3.361879 
-3.407788 
-3.455916 
-3.496773 
-3.542299 
-3.610116 
-3.696689 
-3.799454 
-3.917964 
-4.017956 
-4.12716 
-4.252212 
-4.397908 
-4.527905 
-4.634297 
-4.735717 
-4.816746 
-4.867913 
-4.915285 
-4.98403 
-5.042926 
-5.108486 
-5.1833 
-5.244874 
-5.309002 
-5.376569 
-5.457291 
-5.513945 
-5.587017 
-5.662264 
-5.728223 
-5.788438 
-5.833164 
-5.89613 
-5.965717 
-6.059132 
-6.133069 
-6.180497 
-6.236345 
-6.304387 
-6.344329 
-6.398939 
-6.455256 
-6.51621 
-6.583733 
-6.621661 
-6.652852 
-6.680377 
-6.72589 
-6.746872 
-6.791674 
-6.817779 
-6.829759 
-6.85411 
-6.852135 
-6.850708 
-6.835693 
-6.825447 
-6.828893 
-6.825276 
-6.817631 
-6.810988 
-6.79502 
-6.763592 
-6.75565 
-6.765451 
-6.795604 
-6.848195 
-6.895407 
-6.914794 
-6.94731 
-6.985949 
-7.000659 
-7.01464 
-7.041568 
-7.047133 
-7.074857 
-7.12054 
-7.138011 
-7.135248 
-7.113421 
-7.063581 
-7.028156 
-6.983466 
-6.931805 
-6.854466 
-6.782417 
-6.735505 
-6.66789 
-6.619481 
-6.584982 
-6.544289 
-6.510912 
-6.475661 
-6.417212 
-6.356671 
-6.271428 
-6.172935 
-6.08135 
-5.977208 
-5.870906 
-5.769598 
-5.695093 
-5.647001 
-5.606735 
-5.571175 
-5.542965 
-5.507308 
-5.489214 
-5.474189 
-5.477415 
-5.453642 
-5.441877 
-5.453629 
-5.447242 
-5.428453 
-5.422779 
-5.400278 
-5.357061 
-5.28751 
-5.231545 
-5.178238 
-5.102814 
-5.005379 
-4.909825 
-4.795007 
-4.678643 
-4.569054 
-4.444256 
-4.309803 
-4.156736 
-4.026374 
-3.884005 
-3.735907 
-3.568687 
-3.387368 
-3.195466 
-2.993393 
-2.798106 
-2.594942 
-2.393683 
-2.21628 
-2.053998 
-1.897839 
-1.724241 
-1.535287 
-1.357927 
-1.159941 
-.9673616 
-.7536553 
-.5489862 
-.3348829 
-.1375025 
 3.099297E-02 
 .2153962 
 .3987031 
 .5964158 
 .8052165 
 1.022448 
 1.256395 
 1.458545 
 1.672326 
 1.864587 
 2.038486 
 2.182327 
 2.34366 
 2.526602 
 2.690636 
 2.851527 
 2.99853 
 3.124889 
 3.230533 
 3.312103 
 3.396397 
 3.482289 
 3.584589 
 3.660584 
 3.717184 
 3.778763 
 3.835634 
 3.878329 
 3.937333 
 3.983243 
 4.053073 
 4.114421 
 4.189187 
 4.27774 
 4.368782 
 4.448413 
 4.529542 
 4.616241 
 4.704072 
 4.764192 
 4.840305 
 4.889035 
 4.916239 
 4.931581 
 4.941981 
 4.94691 
 4.970304 
 4.967682 
 4.985987 
 4.988505 
 4.965414 
 4.957432 
 4.923282 
 4.869207 
 4.825063 
 4.768259 
 4.730986 
 4.677973 
 4.610573 
 4.544591 
 4.486231 
 4.434572 
 4.361615 
 4.314273 
 4.261037 
 4.200152 
 4.114966 
 4.052902 
 3.991516 
 3.926069 
 3.885456 
 3.83162 
 3.781588 
 3.707274 
 3.651669 
 3.595334 
 3.542459 
 3.48367 
 3.406549 
 3.343827 
 3.266937 
 3.175756 
 3.076922 
 2.976203 
 2.891105 
 2.786989 
 2.681855 
 2.597106 
 2.518362 
 2.456206 
 2.384082 
 2.290026 
 2.205081 
 2.122335 
 2.051945 
 1.975114 
 1.907456 
 1.822775 
 1.762552 
 1.696592 
 1.649529 
 1.585076 
 1.52216 
 1.435189 
 1.364086 
 1.313511 
 1.252884 
 1.189462 
 1.128452 
 1.041772 
 .9665191 
 .9194532 
 .8512619 
 .8003045 
 .7256552 
 .6786354 
 .6603019 
 .6527384 
 .6555874 
 .6406241 
 .6081133 
 .6020638 
 .6067787 
 .6323857 
 .6366497 
 .6214704 
 .593982 
 .5414592 
 .480712 
 .4437174 
 .3934219 
 .3555555 
 .3368965 
 .2960375 
 .273799 
 .2693208 
 .248569 
 .2066313 
 .1726872 
 .1164084 
 6.849945E-02 
 1.987084E-02 
-3.010824E-03 
-4.208124E-02 
-9.110238E-02 
-.1328056 
-.1871612 
-.2501602 
-.3335897 
-.4417818 
-.5216282 
-.5861958 
-.652725 
-.7193968 
-.7861475 
-.8312271 
-.8797024 
-.915229 
-.9563373 
-1.002277 
-1.061112 
-1.13299 
-1.226161 
-1.300427 
-1.354549 
-1.416027 
-1.479822 
-1.514337 
-1.536619 
-1.55847 
-1.561072 
-1.572083 
-1.60155 
-1.607562 
-1.612494 
-1.601127 
-1.583485 
-1.574539 
-1.540155 
-1.513557 
-1.498232 
-1.498518 
-1.483459 
-1.446929 
-1.432406 
-1.395853 
-1.35342 
-1.290547 
-1.215163 
-1.151202 
-1.086791 
-1.006259 
-.9469318 
-.8730578 
-.8050979 
-.736565 
-.6934304 
-.6757768 
-.6400958 
-.5787496 
-.5454861 
-.504491 
-.4396588 
-.397507 
-.3628551 
-.329544 
-.2751777 
-.2405044 
-.1889315 
-.1304476 
-8.890232E-02 
-7.344538E-02 
-3.583671E-02 
 1.673427E-04 
 4.447447E-02 
 6.363368E-02 
 5.551134E-02 
 7.264667E-02 
 7.333678E-02 
 9.556941E-02 
 .1141436 
 .114028 
 .1022284 
 .104488 
 .1260915 
 .1336346 
 .1325445 
 .1516712 
 .1898995 
 .222342 
 .2590438 
 .2775709 
 .3198974 
 .3476617 
 .34806 
 .3386159 
 .3348858 
 .3245505 
 .3222605 
 .333263 
 .3554753 
 .3596629 
 .339362 
 .3056474 
 .2562906 
 .2344691 
 .1955314 
 .166266 
 .1602829 
 .1419093 
 .110671 
 9.520999E-02 
 9.438197E-02 
 8.747487E-02 
 6.182293E-02 
 4.080154E-02 
-4.706446E-04 
-5.307608E-02 
-8.452793E-02 
-.1057577 
-.1282463 
-.146418 
-.1787319 
-.23663 
-.3062213 
-.3488685 
-.4146319 
-.459017 
-.5250298 
-.5769075 
-.6398769 
-.6782272 
-.7398515 
-.7941395 
-.8467106 
-.8769668 
-.9091735 
-.9221017 
-.9165518 
-.934558 
-.9474104 
-.9592755 
-.9545504 
-.9535879 
-.9262719 
-.9192422 
-.9027626 
-.8760136 
-.8370672 
-.7992952 
-.7356256 
-.6542892 
-.5931685 
-.5247127 
-.4704481 
-.3973414 
-.3134767 
-.2377924 
-.1863831 
-.1299688 
-9.673288E-02 
-5.493534E-02 
-2.480383E-02 
-1.822306E-02 
-4.534213E-03 
 1.142699E-02 
 3.127571E-02 
 6.924775E-02 
 .1299074 
 .1728939 
 .1952763 
 .2288322 
 .2784245 
 .316638 
 .3728419 
 .4425886 
 .5037448 
 .5676361 
 .6224531 
 .6767327 
 .7278994 
 .7821912 
 .8498149 
 .9057642 
 .9468626 
 1.00666 
 1.051276 
 1.07563 
 1.080407 
 1.070637 
 1.043172 
 1.017627 
 1.017984 
 1.01232 
 .9955118 
 .9884546 
 .9666592 
 .9559053 
 .93586 
 .8914357 
 .8725681 
 .8416294 
 .8210244 
 .828236 
 .8284702 
 .8211439 
 .8115615 
 .8141433 
 .8030739 
 .8126307 
 .8371946 
 .858913 
 .8592625 
 .8429008 
 .812849 
 .8107242 
 .781906 
 .7443119 
 .7193003 
 .6831715 
 .6379063 
 .574571 
 .5032505 
 .4326682 
 .3873772 
 .3180269 
 .2651063 
 .1902838 
 .1247445 
 7.136539E-02 
 3.479904E-02 
-5.90918E-03 
-3.114674E-02 
-7.356661E-02 
-.0907564 
-.1170858 
-.1662862 
-.2250265 
-.2737697 
-.3396536 
-.3827726 
-.4430534 
-.5050446 
-.5416955 
-.5789825 
-.5882156 
-.6008319 
-.5983472 
-.5841135 
-.5863525 
-.6067715 
-.6176199 
-.6014434 
-.5706006 
-.5368093 
-.5102916 
-.4966914 
-.4688836 
-.4561831 
-.4328722 
-.4041448 
-.3933649 
-.3576132 
-.3054527 
-.2459587 
-.2118708 
-.1806443 
-.1723123 
-.1554095 
-.1236728 
-9.523574E-02 
-9.457955E-02 
-9.220627E-02 
-8.373176E-02 
-5.552474E-02 
-3.829329E-02 
-3.362222E-02 
-2.286324E-02 
-1.982039E-02 
-1.439516E-02 
-1.626508E-03 
 1.933613E-02 
 2.057455E-02 
 3.211546E-02 
 6.768533E-02 
 .1171071 
 .1894166 
 .2403419 
 .2787956 
 .3284795 
 .3630853 
 .4214329 
 .5028008 
 .6008799 
 .7181115 
 .814707 
 .9317653 
 1.023991 
 1.129359 
 1.24404 
 1.378932 
 1.507364 
 1.654179 
 1.778233 
 1.898093 
 2.007246 
 2.11819 
 2.199972 
 2.270522 
 2.351083 
 2.405625 
 2.443716 
 2.456444 
 2.486732 
 2.499297 
 2.52607 
 2.577763 
 2.643854 
 2.706422 
 2.776616 
 2.831975 
 2.862134 
 2.882048 
 2.886612 
 2.887077 
 2.877669 
 2.875755 
 2.869461 
 2.881552 
 2.890851 
 2.896482 
 2.908115 
 2.928264 
 2.974575 
 2.993578 
 3.014162 
 3.009067 
 3.009596 
 2.991379 
 2.97283 
 2.951385 
 2.956875 
 2.9671 
 2.990269 
 3.000421 
 3.031632 
 3.080409 
 3.117568 
 3.173072 
 3.227 
 3.262794 
 3.3181 
 3.370424 
 3.447155 
 3.495104 
 3.56689 
 3.655051 
 3.728201 
 3.782305 
 3.830968 
 3.887622 
 3.929843 
 3.995609 
 4.041289 
 4.093349 
 4.118364 
 4.162462 
 4.18 
 4.19545 
 4.208104 
 4.198127 
 4.165595 
 4.125769 
 4.06182 
 4.024369 
 4.014259 
 4.007745 
 3.973467 
 3.945934 
 3.932045 
 3.911696 
 3.894886 
 3.859325 
 3.83331 
 3.791481 
 3.755268 
 3.738736 
 3.724749 
 3.736071 
 3.7394 
 3.748815 
 3.737286 
 3.738477 
 3.750763 
 3.782488 
 3.830057 
 3.884532 
 3.924143 
 3.95922 
 3.997503 
 4.010484 
 4.001297 
 4.016263 
 4.016488 
 4.036689 
 4.05978 
 4.064842 
 4.089045 
 4.096013 
 4.091444 
 4.061362 
 4.0285 
 3.986484 
 3.951568 
 3.909868 
 3.892552 
 3.887758 
 3.858404 
 3.820433 
 3.77644 
 3.736938 
 3.684035 
 3.655812 
 3.623136 
 3.578843 
 3.55856 
 3.549471 
 3.563843 
 3.576135 
 3.57754 
 3.594694 
 3.586783 
 3.556344 
 3.537218 
 3.502571 
 3.460901 
 3.4346 
 3.392856 
 3.342751 
 3.281301 
 3.220181 
 3.185756 
 3.160776 
 3.154115 
 3.14537 
 3.126883 
 3.128463 
 3.134532 
 3.130525 
 3.128899 
 3.1007 
 3.093416 
 3.082749 
 3.075427 
 3.049152 
 3.005983 
 2.969076 
 2.908983 
 2.877086 
 2.869616 
 2.883182 
 2.91514 
 2.970304 
 3.016886 
 3.08022 
 3.13469 
 3.184336 
 3.250675 
 3.332067 
 3.417443 
 3.494784 
 3.549239 
 3.610712 
 3.649459 
 3.659037 
 3.656936 
 3.659072 
 3.652085 
 3.654431 
 3.658675 
 3.650429 
 3.626055 
 3.598353 
 3.567289 
 3.529267 
 3.518249 
 3.498077 
 3.470135 
 3.468332 
 3.454868 
 3.428134 
 3.386929 
 3.355413 
 3.325419 
 3.319435 
 3.310357 
 3.305423 
 3.289908 
 3.25655 
 3.200877 
 3.163397 
 3.124572 
 3.083604 
 3.034839 
 2.96213 
 2.916499 
 2.87664 
 2.825068 
 2.772774 
 2.712353 
 2.671873 
 2.64344 
 2.636444 
 2.613083 
 2.568552 
 2.523152 
 2.457973 
 2.375445 
 2.294851 
 2.234625 
 2.185634 
 2.152685 
 2.095679 
 2.025113 
 1.961452 
 1.926089 
 1.906793 
 1.869967 
 1.839598 
 1.818433 
 1.8211 
 1.823825 
 1.82758 
 1.82482 
 1.821158 
 1.834563 
 1.869385 
 1.909432 
 1.973316 
 2.015637 
 2.077846 
 2.162157 
 2.237096 
 2.335506 
 2.425224 
 2.522105 
 2.619694 
 2.707402 
 2.791583 
 2.886168 
 2.986877 
 3.085324 
 3.153038 
 3.226345 
 3.318211 
 3.397485 
 3.471411 
 3.564747 
 3.655962 
 3.74187 
 3.80743 
 3.873852 
 3.923067 
 3.970779 
 4.029699 
 4.061587 
 4.094739 
 4.12326 
 4.151013 
 4.163675 
 4.183238 
 4.192082 
 4.207428 
 4.239729 
 4.261192 
 4.267983 
 4.253036 
 4.254675 
 4.247608 
 4.244247 
 4.226635 
 4.203186 
 4.200971 
 4.188542 
 4.160561 
 4.109609 
 4.048618 
 4.013058 
 3.952101 
 3.915768 
 3.862942 
 3.795633 
 3.735904 
 3.660253 
 3.593227 
 3.52775 
 3.449506 
 3.351676 
 3.265951 
 3.162938 
 3.044004 
 2.90183 
 2.745525 
 2.578266 
 2.414793 
 2.26423 
 2.13029 
 1.997964 
 1.859619 
 1.737618 
 1.645982 
 1.55494 
 1.449256 
 1.361709 
 1.258966 
 1.140096 
 1.031353 
 .9106023 
 .811393 
 .7136449 
 .5968696 
 .4953946 
 .4145122 
 .3278878 
 .2254433 
 .1367058 
 5.833218E-02 
 3.785781E-03 
-3.202767E-02 
-8.177314E-02 
-.1082565 
-.1157758 
-.1430232 
-.1922526 
-.2628943 
-.345424 
-.4405376 
-.5562255 
-.6629382 
-.7664005 
-.8779001 
-.9800879 
-1.105741 
-1.229989 
-1.373248 
-1.50985 
-1.637744 
-1.738836 
-1.837434 
-1.946966 
-2.025483 
-2.110497 
-2.195269 
-2.253676 
-2.313194 
-2.355845 
-2.417457 
-2.491424 
-2.546061 
-2.621637 
-2.709534 
-2.819061 
-2.939335 
-3.061344 
-3.167806 
-3.265441 
-3.3378 
-3.391436 
-3.435728 
-3.464993 
-3.466688 
-3.480347 
-3.503324 
-3.519725 
-3.510221 
-3.475844 
-3.430076 
-3.393873 
-3.379089 
-3.363622 
-3.370631 
-3.388741 
-3.414393 
-3.415601 
-3.396497 
-3.393095 
-3.412229 
-3.437363 
-3.446424 
-3.429231 
-3.403831 
-3.379835 
-3.368618 
-3.371484 
-3.361068 
-3.336792 
-3.331244 
-3.313977 
-3.315851 
-3.329654 
-3.34339 
-3.366657 
-3.367442 
-3.357726 
-3.339236 
-3.301362 
-3.273125 
-3.253478 
-3.213858 
-3.156657 
-3.082766 
-2.991489 
-2.890693 
-2.792043 
-2.701956 
-2.606124 
-2.534454 
-2.479218 
-2.410284 
-2.366862 
-2.330912 
-2.32112 
-2.300101 
-2.28008 
-2.248138 
-2.219587 
-2.196613 
-2.157746 
-2.104424 
-2.048057 
-2.000019 
-1.975535 
-1.947853 
-1.924037 
-1.908035 
-1.884665 
-1.855894 
-1.825898 
-1.785813 
-1.770433 
-1.765486 
-1.750915 
-1.723808 
-1.679006 
-1.62751 
-1.601093 
-1.565899 
-1.508911 
-1.427658 
-1.341002 
-1.254198 
-1.155465 
-1.073703 
-.9880747 
-.904774 
-.8229889 
-.75102 
-.6900724 
-.6417965 
-.5979108 
-.536678 
-.4845692 
-.4561529 
-.4199402 
-.3760557 
-.3177495 
-.2643316 
-.237334 
-.2140961 
-.1754915 
-.1345497 
-9.444326E-02 
-3.668752E-02 
 2.045206E-02 
 9.612548E-02 
 .1624786 
 .2078295 
 .230938 
 .265217 
 .2779354 
 .2756038 
 .2506963 
 .2227783 
 .1880093 
 .1614123 
 .1544738 
 .1517088 
 .1747183 
 .2231649 
 .273278 
 .318581 
 .3680536 
 .4228086 
 .4607916 
 .5168214 
 .564193 
 .612429 
 .6319674 
 .6315086 
 .6483191 
 .6621603 
 .6913057 
 .7179314 
 .7203721 
 .708083 
 .6701891 
 .620607 
 .5653604 
 .5134678 
 .4808631 
 .425124 
 .3818491 
 .3498307 
 .3045091 
 .2586478 
 .2292265 
 .2189662 
 .2305552 
 .2391113 
 .2339454 
 .2202916 
 .2217897 
 .24294 
 .245481 
 .2433797 
 .2311173 
 .2010616 
 .180162 
 .132494 
 .1002203 
 6.982689E-02 
 5.966227E-02 
 7.293806E-02 
 9.559594E-02 
 .1424571 
 .1704469 
 .1850909 
 .2189494 
 .2772862 
 .3471235 
 .3907602 
 .4241332 
 .4420983 
 .4337999 
 .403527 
 .3879457 
 .3825386 
 .3997035 
 .3959817 
 .4149688 
 .4425354 
 .484643 
 .5114343 
 .5444015 
 .5811647 
 .5928954 
 .6041548 
 .6308421 
 .661284 
 .7123316 
 .7790785 
 .8542191 
 .9313223 
 .9818495 
 1.009828 
 1.043216 
 1.077461 
 1.095613 
 1.125894 
 1.163965 
 1.22735 
 1.282282 
 1.308892 
 1.351671 
 1.408036 
 1.464407 
 1.505441 
 1.532772 
 1.536924 
 1.549907 
 1.578716 
 1.58221 
 1.59915 
 1.640073 
 1.67743 
 1.729329 
 1.788096 
 1.827506 
 1.846266 
 1.880855 
 1.920966 
 1.959948 
 2.011978 
 2.060398 
 2.099546 
 2.128731 
 2.147467 
 2.179579 
 2.22433 
 2.274152 
 2.316729 
 2.335464 
 2.34567 
 2.339025 
 2.34228 
 2.339943 
 2.320925 
 2.308161 
 2.319572 
 2.3287 
 2.351216 
 2.397815 
 2.422077 
 2.444627 
 2.451572 
 2.439874 
 2.443258 
 2.468696 
 2.471024 
 2.469377 
 2.475753 
 2.482449 
 2.506258 
 2.550792 
 2.600789 
 2.662289 
 2.743695 
 2.828658 
 2.929358 
 3.01374 
 3.075196 
 3.149265 
 3.196307 
 3.258855 
 3.298529 
 3.315295 
 3.322328 
 3.316359 
 3.285459 
 3.264133 
 3.266689 
 3.29567 
 3.333416 
 3.379683 
 3.417855 
 3.446583 
 3.482121 
 3.535242 
 3.611906 
 3.693798 
 3.797148 
 3.909323 
 4.005839 
 4.075957 
 4.154818 
 4.229144 
 4.283869 
 4.318375 
 4.336296 
 4.368216 
 4.421881 
 4.461611 
 4.483821 
 4.481612 
 4.477669 
 4.472119 
 4.455595 
 4.412161 
 4.356761 
 4.306596 
 4.276839 
 4.225926 
 4.149202 
 4.073828 
 4.022853 
 3.98683 
 3.971403 
 3.973587 
 3.976515 
 3.972747 
 3.985975 
 4.00669 
 4.011111 
 4.040245 
 4.05876 
 4.084833 
 4.126815 
 4.174425 
 4.205707 
 4.230734 
 4.247407 
 4.275883 
 4.323214 
 4.39512 
 4.465463 
 4.558096 
 4.644808 
 4.741804 
 4.859637 
 4.990467 
 5.130744 
 5.264359 
 5.373891 
 5.471021 
 5.590086 
 5.712336 
 5.828991 
 5.918127 
 6.022717 
 6.098074 
 6.164515 
 6.211647 
 6.235007 
 6.261636 
 6.312378 
 6.33601 
 6.334598 
 6.326788 
 6.32766 
 6.343812 
 6.360947 
 6.355822 
 6.342452 
 6.32282 
 6.327728 
 6.332146 
 6.340256 
 6.363836 
 6.399968 
 6.421258 
 6.416779 
 6.406882 
 6.372958 
 6.317192 
 6.259604 
 6.218347 
 6.181223 
 6.120899 
 6.056385 
 5.995917 
 5.942121 
 5.87071 
 5.816432 
 5.773249 
 5.737281 
 5.680103 
 5.608112 
 5.559263 
 5.52709 
 5.493186 
 5.476617 
 5.452076 
 5.449012 
 5.470135 
 5.475471 
 5.489101 
 5.499345 
 5.482445 
 5.489621 
 5.470088 
 5.432613 
 5.406472 
 5.390726 
 5.387443 
 5.384117 
 5.387653 
 5.379912 
 5.389563 
 5.404073 
 5.415413 
 5.438462 
 5.437943 
 5.432687 
 5.419003 
 5.390712 
 5.349239 
 5.288532 
 5.249228 
 5.237109 
 5.219623 
 5.216609 
 5.186057 
 5.170299 
 5.167089 
 5.139312 
 5.11517 
 5.064825 
 5.012839 
 4.970938 
 4.939619 
 4.887788 
 4.811849 
 4.736897 
 4.674654 
 4.633555 
 4.602155 
 4.562597 
 4.508744 
 4.441925 
 4.397422 
 4.373372 
 4.347332 
 4.320704 
 4.300221 
 4.284884 
 4.284278 
 4.271008 
 4.247562 
 4.221158 
 4.196579 
 4.162316 
 4.128046 
 4.082252 
 4.02025 
 3.935719 
 3.843379 
 3.771982 
 3.708357 
 3.659908 
 3.621566 
 3.603736 
 3.593656 
 3.591867 
 3.576033 
 3.558968 
 3.565634 
 3.577873 
 3.568644 
 3.578996 
 3.563107 
 3.563308 
 3.555097 
 3.525085 
 3.507766 
 3.501327 
 3.521791 
 3.534796 
 3.55029 
 3.561399 
 3.559205 
 3.546305 
 3.54655 
 3.532323 
 3.493398 
 3.461511 
 3.411524 
 3.348417 
 3.288488 
 3.202678 
 3.132818 
 3.062033 
 2.976777 
 2.883727 
 2.768469 
 2.632633 
 2.476067 
 2.346969 
 2.196171 
 2.075377 
 1.931104 
 1.781784 
 1.620859 
 1.46352 
 1.319128 
 1.158655 
 1.025117 
 .8898783 
 .7401065 
 .5716625 
 .4293381 
 .2772305 
 .1312207 
-8.819675E-03 
-.1631365 
-.2966892 
-.3989794 
-.5226906 
-.6655244 
-.7859471 
-.8876913 
-.9951705 
-1.091425 
-1.203125 
-1.284823 
-1.373412 
-1.482233 
-1.565394 
-1.625678 
-1.678026 
-1.718076 
-1.730941 
-1.757452 
-1.807394 
-1.832685 
-1.837873 
-1.859838 
-1.868932 
-1.868241 
-1.8605 
-1.878902 
-1.870898 
-1.840776 
-1.825748 
-1.811207 
-1.776196 
-1.744564 
-1.68635 
-1.644441 
-1.583119 
-1.544929 
-1.515721 
-1.49015 
-1.458648 
-1.403868 
-1.328107 
-1.232545 
-1.158377 
-1.065813 
-.9658188 
-.8913811 
-.8295735 
-.7677916 
-.700493 
-.6238183 
-.5607668 
-.5105256 
-.466516 
-.4319231 
-.3907593 
-.3420959 
-.3005594 
-.2617985 
-.2343197 
-.1933738 
-.1297503 
-.0642287 
-2.112394E-02 
 7.448212E-03 
 5.600693E-02 
 .1116373 
 .1573595 
 .1955564 
 .2239812 
 .2765136 
 .334284 
 .378681 
 .4336132 
 .506472 
 .5549337 
 .6065742 
 .6805096 
 .731227 
 .7971516 
 .8455564 
 .9195209 
 .9811758 
 1.031625 
 1.08144 
 1.141254 
 1.202317 
 1.271103 
 1.339631 
 1.419675 
 1.492701 
 1.558543 
 1.628738 
 1.717263 
 1.784368 
 1.825522 
 1.85104 
 1.874339 
 1.87921 
 1.898607 
 1.894346 
 1.880843 
 1.87903 
 1.857327 
 1.828122 
 1.806355 
 1.799793 
 1.788989 
 1.771634 
 1.737946 
 1.698123 
 1.680439 
 1.658249 
 1.61385 
 1.597227 
 1.578542 
 1.57295 
 1.555154 
 1.522016 
 1.49614 
 1.496048 
 1.507838 
 1.534135 
 1.561728 
 1.595853 
 1.633863 
 1.680568 
 1.724726 
 1.743273 
 1.778926 
 1.825272 
 1.865718 
 1.896766 
 1.94639 
 1.973439 
 2.024279 
 2.089796 
 2.162093 
 2.234357 
 2.300004 
 2.358523 
 2.387613 
 2.402372 
 2.406997 
 2.425967 
 2.468498 
 2.5158 
 2.586076 
 2.63181 
 2.683724 
 2.746232 
 2.792388 
 2.841426 
 2.879576 
 2.912997 
 2.971476 
 3.053647 
 3.139298 
 3.22391 
 3.28634 
 3.339347 
 3.415081 
 3.469864 
 3.526804 
 3.573516 
 3.615462 
 3.660473 
 3.722093 
 3.768791 
 3.833528 
 3.872861 
 3.903631 
 3.951316 
 4.017661 
 4.063981 
 4.131189 
 4.220259 
 4.311399 
 4.377958 
 4.419401 
 4.473719 
 4.516875 
 4.5582 
 4.588355 
 4.593156 
 0 
 0 
 4.112491 
