 2.573256 
 6.784737 
-7.88502 
-17.99163 
 3.528706 
-27.2021 
-4.153809 
 16.21768 
 24.83797 
-9.49499 
-12.30759 
 13.13067 
 27.54793 
 12.64708 
 37.70993 
 50.7222 
 10.34627 
 35.24508 
 17.76475 
 14.6848 
 27.26545 
-7.196737 
 .3415767 
-1.667289 
-13.61797 
-2.559705 
 7.173038 
-9.1784 
-20.33661 
 5.169816 
 23.74446 
 23.05882 
 46.90336 
 59.95669 
 27.65506 
 32.45594 
 53.49057 
 23.91234 
 19.79102 
-9.489968 
 23.61045 
 28.29795 
-8.751059 
-1.869593 
-25.92245 
-43.55715 
-13.92742 
-23.53916 
-45.31172 
-46.09397 
-41.38255 
-42.86459 
-4.230842 
 26.30451 
 13.43394 
-3.651885 
-23.53767 
-38.12186 
-19.24501 
-19.77275 
-19.9984 
-1.762205 
-11.96792 
-.6943451 
-18.45602 
-32.93481 
-19.28192 
-40.00687 
-32.21325 
 1.030643 
-13.87708 
 7.219004 
-2.082153 
-14.44679 
 15.02827 
 19.2147 
 22.0642 
 11.95451 
-15.80989 
-7.966102 
 6.031234 
 29.84996 
 42.65276 
 2.307012 
 4.369154 
 28.76888 
 17.03166 
 23.53348 
 17.58276 
 13.86709 
 8.000672 
-3.063313 
-8.10773 
-20.13314 
-42.17864 
-46.95903 
-5.392106 
-30.93279 
-29.64401 
-30.24132 
-23.02095 
-38.1783 
-29.8472 
-37.00114 
-19.50907 
-11.87008 
-29.87917 
 4.772876 
 13.0143 
 10.0137 
 .6977639 
-23.57142 
-3.665237E-02 
-2.503265 
 13.70999 
 16.05113 
 32.30337 
-5.596688 
-21.91514 
-42.37223 
-55.59308 
-51.50593 
-60.96013 
-75.81683 
-53.90322 
-30.29269 
-19.73869 
 5.466102 
-21.60268 
-34.90313 
-14.87749 
-13.8298 
-19.01621 
-35.56042 
-13.80097 
 16.08391 
 13.7676 
-14.97807 
 4.717324 
-2.527866 
-4.211575 
-3.600339 
-20.60455 
-25.70866 
-43.86466 
-26.98339 
-40.2416 
-3.573489 
-27.31481 
-23.67734 
-31.46892 
-.4538405 
 15.044 
-2.786723 
 8.589322 
-8.568827 
-31.50792 
-52.11629 
-49.48127 
-18.85283 
-26.40367 
-35.79922 
-27.71586 
-35.58591 
-36.13903 
-54.68885 
-41.58833 
-48.84259 
-13.8148 
-4.795646 
 12.08679 
 35.20464 
 15.71007 
 14.27161 
-15.15384 
-2.981086 
-7.727635 
 22.52366 
-6.959416 
 20.82406 
 22.80032 
 7.546845 
-15.9292 
-13.02778 
-26.865 
 10.39137 
-14.97711 
-39.99792 
-39.11362 
-26.04849 
 6.653902 
 7.275303 
-.3521213 
 21.04336 
 35.60224 
 36.95079 
 40.98465 
 60.83689 
 35.23616 
 25.80706 
 13.77675 
 22.18591 
-3.254482 
-7.139842 
-2.639778 
 17.34985 
 15.36187 
 6.933192 
 5.692045 
-12.4848 
-1.935608 
-2.057706 
 9.569393 
 30.8071 
 14.87594 
-1.097941 
-13.52131 
-31.46987 
-21.48143 
-32.89059 
-19.17737 
-22.58253 
 6.338974 
 3.346663 
-16.50123 
-.9305543 
 14.49014 
 17.72356 
 30.43832 
 1.794225 
 20.21194 
-3.273134 
 25.59872 
-7.673869 
-32.58581 
-6.149395 
-11.94159 
-11.07982 
-31.54898 
-46.96127 
-54.80076 
-68.31693 
-37.42574 
-25.69678 
-15.29161 
-28.70607 
-23.22667 
-2.090599 
 13.93117 
 4.118684 
 27.78177 
 35.67209 
 1.181097 
 9.131087 
 19.83345 
-15.02238 
-15.35212 
-17.3855 
-26.6642 
 10.02737 
 25.992 
 31.2845 
 18.11825 
 27.80723 
 6.9268 
-3.667747 
-6.799384 
 22.26325 
-6.727344 
 3.971179 
-6.394146 
-29.00525 
-40.78654 
-56.12211 
-45.69727 
-5.672669 
-1.6234 
-1.547518 
 27.87111 
 3.331742 
-4.956165 
-10.06139 
-20.85807 
-15.24359 
-33.45602 
-23.72356 
 10.978 
 11.65965 
 33.74225 
 34.64225 
 22.04819 
 28.17258 
-5.850731 
 11.3779 
 20.73002 
 15.17587 
-9.898306 
-24.28132 
-28.65257 
-3.770194 
-30.38498 
-21.40208 
-8.413545E-02 
 18.38436 
 2.894056 
 31.14659 
 41.73893 
 41.64364 
 55.70261 
 64.316 
 42.5277 
 8.377398 
 34.06895 
 43.47602 
 44.24693 
 26.73875 
-9.86959 
-27.6942 
-41.11411 
-29.85855 
-27.88068 
-44.81681 
-46.93291 
-25.98892 
 2.16691 
 1.480525 
-18.05892 
 10.95623 
 .312633 
-10.59367 
 8.76895 
-10.80571 
-11.2563 
-24.5332 
 5.041885 
 10.51 
 8.135484E-02 
-6.719012 
 17.14581 
 17.97305 
 39.79038 
 30.52915 
 12.20281 
 31.64446 
 8.658268 
-8.339074 
-25.88987 
-28.56715 
-51.6831 
-23.41562 
 3.569179 
-10.94013 
 4.348811 
-2.615399 
 17.17817 
 27.55829 
 16.58911 
-13.60348 
-15.55957 
-21.38025 
-2.919313 
-13.67894 
 8.197785 
-15.293 
-5.622954 
 23.82587 
 1.890413 
 28.39339 
-2.629291 
 27.76225 
 28.72295 
 27.34129 
 44.95124 
 37.89032 
 12.43283 
 31.30617 
-2.887867 
-5.892281 
 11.58556 
-7.021197 
-12.64863 
-15.67366 
-9.979805 
-21.48136 
-10.93179 
-25.90815 
-45.03825 
-9.100273 
-30.58029 
-13.30346 
 14.70685 
-5.573106 
 23.47435 
 38.62768 
 25.0066 
 18.03297 
 29.89252 
 42.68896 
 24.41685 
-.5929676 
-11.10483 
-13.54912 
-31.34533 
-15.86687 
-36.33021 
-45.00719 
-21.52732 
-15.67259 
-31.05323 
 7.146102 
 3.538218 
-27.80845 
-25.14814 
-31.59085 
-7.906661 
 18.14896 
 33.1948 
 4.765121 
-20.47203 
-45.20891 
-54.8596 
-48.15802 
-54.80633 
-11.17712 
 14.55082 
 15.77873 
 25.76275 
-2.696392 
-16.85738 
-41.42991 
-10.57159 
 9.554741 
 24.94054 
 8.209771 
 3.071526 
 5.656509 
 22.79991 
 20.81468 
-2.767517 
-19.98971 
-23.10884 
-12.6071 
-18.8984 
-12.26687 
-13.65821 
-5.637681 
-31.78167 
-20.62163 
-33.28297 
 3.732156 
 29.33316 
 51.94853 
 59.31466 
 38.37359 
 47.15412 
 64.95635 
 33.29577 
 4.692499 
 15.41547 
-18.21481 
-23.36455 
-5.493889 
-27.97307 
-44.66409 
-45.93298 
-40.22844 
-26.17772 
-30.98938 
-35.49662 
-7.401011 
-17.16257 
-20.33194 
-21.13231 
 5.293687 
-1.62514 
 12.57331 
 19.054 
 8.370405 
 33.82896 
 33.98955 
 26.16448 
 2.406439 
 6.859922 
 20.32939 
 12.38818 
 33.98554 
 11.86201 
 19.06548 
 38.05764 
 14.77817 
 2.851776 
-27.69105 
-33.10995 
 5.171271 
 19.86078 
 19.67374 
 21.05641 
 1.36638 
 1.513167 
 19.13359 
 36.1009 
 1.780531 
 3.88793 
-2.311876 
-27.88701 
-23.64018 
-5.308928 
-3.978122 
-8.656528 
 20.8938 
 45.21109 
 39.09985 
 30.92548 
 29.96763 
-3.007983 
-21.58928 
-29.2711 
-51.2043 
-59.24279 
-48.78487 
-33.16604 
-20.98173 
 1.698274 
-26.78306 
-25.62204 
-46.03601 
-45.64491 
-27.48911 
-19.27679 
-8.362462 
-16.64723 
 12.77997 
 26.03607 
 23.94099 
 13.5376 
 24.29369 
-2.683836 
-29.00639 
-37.2346 
-11.71714 
 19.00555 
 4.58919 
 14.7036 
 28.77344 
-7.18799 
 12.72368 
 8.411925 
-11.77583 
-2.458552 
 23.26436 
 44.55169 
 42.41247 
 1.635295 
 11.14569 
 36.76687 
-2.863413 
 25.70809 
-7.115336 
-17.95209 
-8.237262 
 12.78777 
-18.73044 
-41.19757 
-26.57138 
-31.04411 
-28.37283 
-20.40048 
-.7851342 
-3.587864 
-13.5539 
-36.16924 
-32.38972 
-19.51654 
 1.704643 
 6.194603 
 13.90711 
 29.1789 
 16.51436 
 30.45516 
 36.1184 
 38.61698 
 42.76726 
 12.80189 
 26.2716 
-6.930032 
-20.58978 
 12.38205 
 28.79735 
 4.120275 
-16.3214 
-28.23037 
 5.190826 
-11.03254 
-23.14757 
-3.987196 
 7.161716 
 22.04689 
 32.21173 
 12.10952 
 28.88392 
 34.81887 
 50.08529 
 20.07702 
 6.041275 
 7.74521 
-3.123406 
-20.45506 
-10.30762 
 .3396997 
-21.86955 
-43.13462 
-23.7187 
 3.20179 
 11.0176 
 3.555443 
-16.56289 
-12.54602 
 19.73416 
 31.14426 
 15.74393 
 10.71784 
 10.82339 
 18.68945 
-14.48878 
-1.664903 
 23.27626 
 7.449204 
-17.96494 
-17.87599 
 3.421497 
-6.171138 
-9.970396 
 7.803606 
 1.889714 
 14.88698 
 11.44099 
-11.55394 
-22.1751 
-41.74856 
-1.541475 
-14.41936 
-3.435315 
-14.40834 
 10.94204 
-3.00147 
 15.89989 
-8.198681 
-18.3415 
-39.80054 
-29.88935 
-25.03434 
-12.54402 
-38.11106 
-39.38138 
-51.52581 
-48.78368 
-20.18392 
-7.14103 
 23.15342 
 37.25396 
 30.90946 
 29.45177 
 2.810135 
 26.74483 
 8.681092 
 12.59554 
 15.2972 
 27.7144 
 33.71538 
 36.45386 
 42.98457 
 16.99662 
 15.64112 
 12.14532 
 12.99803 
-3.770479 
-7.956793 
-15.06565 
 17.79596 
 14.32762 
 15.69463 
 9.478451 
-21.68927 
-23.56685 
-39.68547 
-19.93754 
-36.04346 
-45.22708 
-41.14604 
-55.29018 
-33.87652 
-12.6757 
-13.09653 
-14.55548 
-20.84087 
-3.116125 
-19.9106 
-42.72921 
-7.965353 
-33.92592 
-27.66394 
-5.829721 
 11.34241 
 28.19261 
 3.071381 
 .3569894 
 22.8422 
 37.06456 
 21.95823 
 13.96467 
 1.072066 
-14.58864 
 8.031179 
 8.667608 
 8.767204 
 14.26654 
-14.70125 
 2.058927 
-13.32295 
-37.01287 
-41.20813 
-2.265822 
-12.29339 
-4.466449E-02 
-8.409643 
-14.21082 
-21.14995 
-33.16669 
-42.21697 
-35.98557 
-19.44723 
-30.26601 
-11.00031 
-2.631016 
 4.358803 
-22.61559 
-44.6878 
-54.37837 
-55.84983 
-47.58179 
-30.09668 
-35.32323 
-5.52811 
 20.32829 
 16.69101 
 5.463875 
-26.46209 
-34.88618 
-46.52713 
-25.56035 
 10.5857 
-3.69832 
-18.64815 
 9.414016 
-15.74885 
-7.383694 
 1.091466 
 7.569272 
 17.50094 
 34.43825 
 .8191075 
-5.869184 
 15.4573 
-2.775694 
 8.891189 
 .217632 
 20.67707 
 11.19517 
 28.90452 
 4.157703 
 17.26046 
 37.27113 
 10.28595 
 37.19957 
 56.1284 
 64.36021 
 49.07333 
 45.61036 
 31.12774 
 1.986228 
 10.24859 
 14.50325 
 32.45969 
 15.9016 
-15.63868 
-11.2274 
-35.64175 
-34.0733 
-28.23104 
-33.30521 
 4.064178 
-26.8756 
-10.70397 
-.9338585 
 1.347772 
-27.87371 
-7.340703 
-16.84661 
 17.04752 
-.1915714 
-8.436623 
-17.18744 
-21.68962 
-32.28614 
-18.21963 
-1.085129 
-15.02691 
-6.508264 
-.1058608 
 30.02918 
 48.71101 
 20.7426 
 34.38761 
 42.02981 
 25.47009 
 26.83782 
 19.49292 
 14.34818 
-11.87837 
 20.00056 
-4.963359 
 1.81783 
 12.4863 
-14.70492 
-1.630489 
 13.40158 
 27.10906 
 15.88078 
-13.83651 
-10.26752 
-3.024723 
-29.25519 
-27.04243 
-43.45258 
-53.90403 
-51.30442 
-7.895907 
 .5515966 
-13.39781 
-15.05943 
-12.99491 
-36.42381 
-29.55007 
-25.73011 
 8.246602 
-7.815498 
-25.81569 
-18.7489 
-23.47732 
-16.59638 
-18.64302 
-28.56906 
-47.70728 
-26.68048 
-28.06085 
-17.94272 
 10.12407 
 2.776681 
 7.854285 
-1.495092 
-28.27266 
-44.90445 
-54.99039 
-62.51645 
-30.34903 
-36.92078 
-49.52707 
-64.77203 
-36.16429 
-5.653198 
-3.122998 
 16.1208 
 41.60708 
 32.32925 
-2.550855 
 5.782743 
-6.186203 
-18.17729 
-2.244883 
-7.673047 
-12.77707 
-27.54166 
 2.662575 
-19.4239 
-20.42366 
-8.444153 
-3.238896 
 11.67837 
-14.45936 
-21.44936 
-46.08509 
-16.74818 
 13.46026 
-2.330764 
-18.53284 
 14.07232 
-8.649333 
-11.49133 
-16.93726 
-23.2951 
 12.17045 
 13.86459 
 11.90111 
-13.63347 
 14.3601 
-18.12747 
 4.52168 
 16.79833 
-3.253891 
 24.72099 
 16.2767 
 25.80012 
 12.79125 
-6.967984 
 1.136829 
 3.979415 
 .6007051 
 9.604295 
 23.43603 
-9.318343 
-27.93223 
-45.21919 
-61.02701 
-42.40287 
-3.363731 
-19.29437 
-23.70553 
 6.395548 
 3.550492 
-13.8141 
 11.22721 
-18.15375 
-35.95523 
 1.847911 
 21.85511 
 36.03225 
 57.16163 
 26.33682 
 29.4963 
 29.58621 
 50.79475 
 32.76258 
-2.929392 
 21.03664 
-5.107138 
-19.17603 
-7.581205 
-13.87831 
-8.504293 
 19.36955 
 17.20868 
 40.95061 
 46.56879 
 28.66519 
 36.94426 
 31.89343 
 20.25327 
-12.87724 
-37.84642 
-36.42842 
-32.13828 
-32.06295 
-15.70827 
-31.28454 
-27.2019 
-41.2361 
-1.673698 
-15.06009 
-38.22622 
-9.617876 
 5.760713 
-10.94781 
 9.700559 
 29.89751 
 51.82275 
 24.3391 
 15.75718 
 37.00708 
 53.3686 
 39.53653 
 52.87482 
 43.61442 
 27.53361 
 39.98666 
 43.53133 
 56.51228 
 20.60398 
 32.07434 
 33.98039 
 50.57666 
 57.92002 
 59.93253 
 61.35046 
 43.83245 
 47.05908 
 38.82211 
 8.174079 
-5.509433 
-6.052928 
 19.70456 
 37.06502 
 20.35821 
 43.6394 
 32.51833 
 53.79074 
 36.58384 
 44.22466 
 21.01441 
-10.27223 
 15.69048 
 16.48423 
 34.39665 
 44.47296 
 49.37701 
 62.58781 
 18.77104 
 33.83566 
 8.384353 
-7.602837 
-33.07861 
 .2257415 
 30.10386 
 7.71384 
 8.158036 
-3.585868 
-20.25656 
-33.33408 
-47.42884 
-28.69793 
-15.97531 
 10.06761 
-17.80524 
-31.57563 
-15.16594 
-13.65863 
-23.26056 
 3.231432 
-9.450534 
 22.094 
 10.05536 
 25.34168 
 37.53419 
 34.41267 
 16.6702 
 17.59585 
 22.89588 
 22.06696 
-10.71957 
 12.93265 
-17.47419 
-34.33725 
-36.7326 
-31.15714 
-27.78085 
 1.287511 
-26.27029 
 4.914857 
-12.31806 
-36.5727 
-9.88893 
-35.74919 
-48.79296 
-25.76292 
-33.62867 
-3.912481 
-20.67962 
-32.11552 
-23.41178 
-10.00163 
-.8595562 
-25.1643 
 8.53799 
-.876792 
-10.015 
-35.6535 
-2.473982 
-2.228054 
-7.332788 
 21.02452 
 .3118957 
 3.54755 
-25.31956 
 .5171694 
-1.460617 
 1.718186 
-6.297494 
-26.31787 
-5.193985 
-21.00646 
-33.3374 
-35.54347 
-31.00393 
-8.165601 
-29.4582 
-25.76302 
 .8298907 
 5.111802 
 20.2886 
 2.387019 
-24.58101 
-10.61298 
-7.708579 
 5.846615 
-4.727118 
 4.659644 
-17.37097 
 12.08172 
 .9499946 
 20.02379 
-5.780109 
-4.332495 
-31.81634 
-8.374945 
 14.69912 
-1.714433 
-6.106898 
-3.648125 
-33.13757 
-14.39151 
 18.57825 
-11.18423 
 8.922134 
-21.35761 
 12.76259 
 40.11265 
 41.28915 
 42.11253 
 11.52797 
-11.41786 
 20.17478 
 26.90407 
 43.55799 
 9.394199 
-14.48779 
-24.84712 
-47.14813 
-45.71663 
-9.210475 
-22.7993 
-4.563259 
 16.91737 
-12.81098 
 10.04115 
 26.61281 
 1.442179 
-23.22879 
-9.603999 
-33.14314 
-17.01691 
-14.96353 
 16.09486 
-6.915908 
-17.5298 
-6.43397 
-20.29742 
-26.51337 
-44.58448 
-63.49821 
-19.00412 
 .2656453 
-4.236855 
-5.618534 
-6.589754 
 16.97526 
 7.123398 
 17.96578 
 5.709266 
-2.723209 
-18.14713 
-30.1727 
-48.74149 
-18.29885 
 6.237443 
-5.665246 
-9.105828 
 23.55947 
 29.65994 
 21.38949 
 36.29731 
 17.06702 
-8.680161 
 18.46487 
 14.33826 
 28.3198 
 28.01481 
 11.26981 
 36.7214 
 19.29387 
 2.239676 
-15.60671 
 5.249475 
 28.05027 
-2.927251 
 22.61019 
 24.21289 
 41.86901 
 46.77289 
 24.08879 
 20.19161 
 34.84277 
 4.536394 
 21.3516 
 11.43849 
 11.16431 
-18.02297 
-40.55824 
-9.469262 
 22.69171 
-12.68475 
 .2136989 
 28.02508 
-2.553727 
-8.976869 
-7.091394 
 19.29196 
-5.99194 
 15.52714 
 20.87165 
-1.578015 
-28.97629 
 3.77684 
 2.228861 
 12.10744 
-17.66876 
-42.92865 
-3.832278 
-20.63618 
 8.822185 
 3.196289 
-17.88161 
-26.27945 
-4.121885 
 18.65649 
-1.155235 
-10.22565 
 15.00697 
 33.11798 
 19.36072 
 20.21106 
-4.077301 
 24.23814 
 3.139318 
-27.26614 
-31.10553 
-16.89273 
-19.94282 
-6.051344 
 10.36415 
 20.63482 
-4.049659 
-30.14581 
-37.90895 
-46.59578 
-5.311027 
-23.72195 
-7.99794 
 19.16682 
 .1923831 
-14.80237 
 5.664225 
 20.05961 
 8.060083 
-15.18067 
-6.897949 
-28.41575 
-35.06342 
-4.072269 
 7.356258 
 3.324291 
 6.521469 
-11.59768 
-38.27349 
-43.36345 
-4.361771 
-30.53161 
-.9736603 
-26.43947 
-6.067393 
-18.71177 
 11.44538 
-18.92934 
-8.00381 
-5.960797 
 18.61167 
 10.42596 
 28.011 
 40.77119 
 3.864388 
 7.828358 
 6.27551 
 22.58813 
 12.47583 
 38.51112 
 6.554296 
 15.44442 
 23.25842 
 31.54279 
 23.14704 
 47.14539 
 56.58777 
 21.85169 
 26.25524 
 5.720854 
 26.96542 
 34.30279 
 18.94817 
-10.65955 
-.6604729 
-24.56721 
-7.564251 
-17.28065 
-38.1325 
-20.09275 
-11.89722 
-3.943909 
 17.98491 
 39.93005 
 11.84635 
-12.80061 
 3.777825 
 21.86474 
 5.167119 
 25.24879 
 35.75606 
 19.26822 
 19.44099 
 6.477749 
 6.128329 
 2.986105 
 7.537507 
 22.42709 
 5.967999 
-10.14346 
 14.93076 
-3.726325 
-23.70921 
-38.40525 
-44.31087 
-52.68086 
-37.55164 
 .5083991 
-6.117989 
-16.94972 
-1.99456 
-17.96155 
-1.472226 
-11.61666 
-36.29764 
 .4061366 
-13.61521 
 .6299367 
 31.0496 
 15.61976 
 3.310003 
-.130723 
 13.35655 
-5.097728 
 19.08139 
 31.3913 
 21.0597 
-7.378375 
-23.9392 
-33.38192 
 5.667798 
-25.52021 
-29.48362 
-8.850933 
-19.64092 
-25.79223 
-40.63948 
-40.97503 
-31.75407 
 2.51879 
-26.41539 
-3.412291 
-28.67481 
-13.27779 
 1.631771 
 18.26094 
 7.708728 
 21.66109 
-3.986116 
 23.83183 
 6.858667 
-21.36135 
-28.12983 
-11.63971 
-29.42949 
 1.404202 
-19.63024 
-18.52245 
 12.45268 
 7.195477 
 35.32819 
 21.95886 
 32.59487 
 37.22321 
 9.507126 
-13.471 
-8.559138E-02 
 29.64266 
 38.74368 
 32.87988 
 17.21897 
-.9202661 
 15.53045 
-4.566493 
 8.789562 
 13.23237 
-9.398034 
 21.20769 
 35.13648 
 35.86309 
 7.405112E-02 
-2.071831 
-26.13134 
-9.544683 
 10.02383 
 4.750975 
-26.6099 
-17.79154 
-6.304195 
 17.63702 
 1.713163 
-12.2088 
-2.095734 
-9.826305 
-4.521505 
 5.030206 
 13.29919 
-11.49607 
 3.040523 
 29.48509 
 38.49742 
 55.73358 
 19.80069 
 2.452642 
 15.68441 
-3.530215 
 25.12417 
 46.33392 
 55.76732 
 66.05116 
 29.86532 
 48.3264 
 12.08804 
 26.88094 
 34.0127 
 51.80309 
 35.87252 
 51.64501 
 17.99222 
 13.09028 
 2.071687 
 7.545818 
-22.90036 
-26.35741 
-5.534769 
-30.02298 
-38.31126 
-54.94022 
-20.12574 
-33.17988 
-7.748544 
 23.52851 
 35.76799 
 25.29675 
 29.8955 
 8.469991 
-19.45431 
-24.24797 
-33.83538 
-28.86757 
-31.77277 
-14.84737 
-15.32945 
 9.602695 
 5.013692 
 .5482629 
 7.924549 
 16.39736 
 42.67143 
 3.25959 
 5.452686 
-23.32421 
-10.50802 
-28.0587 
-21.10268 
-18.83019 
 16.08444 
 18.0257 
 28.79383 
 8.191849 
 30.5815 
 43.95903 
 21.84651 
 38.57389 
 29.31824 
 3.922158 
 26.58695 
 18.89335 
 43.70927 
 3.480781 
 31.53942 
 44.78399 
 20.08184 
-3.200205 
-5.856918 
 7.014536 
-8.231304 
 22.44395 
-2.794673 
 7.429408 
-22.12026 
 6.648674 
-22.40333 
-17.44624 
-14.63215 
-34.79727 
-50.3925 
-45.63952 
-61.17041 
-16.91667 
 17.66313 
 17.64035 
-17.29744 
-5.53691 
 11.09625 
 1.400896 
 5.173101 
-16.82484 
-2.124585 
-19.26259 
-8.542817 
 15.29158 
 14.43959 
 39.3241 
 21.37884 
 23.55644 
-4.829 
 11.0676 
 21.44358 
 38.82069 
 48.31838 
 45.89581 
 20.01656 
 11.91006 
 14.4117 
-15.47441 
-34.93565 
 1.67522 
-13.86765 
 12.92519 
 14.34125 
-7.884352 
 16.59358 
-5.286263 
-15.68841 
-39.38993 
-32.38805 
-34.42127 
-18.07628 
-21.25579 
 10.98217 
 22.40286 
-10.16075 
-17.2783 
-19.94219 
-10.37711 
-23.14179 
 9.498963 
 1.929621 
-11.83459 
 17.38637 
 25.49247 
 45.56849 
 32.67564 
 13.21732 
 28.20964 
-5.768278 
-28.92458 
-9.010598 
-23.87575 
-25.90734 
-2.634079 
-19.32083 
-24.28605 
-31.5804 
-24.32572 
 10.50385 
 17.89717 
 33.59362 
 23.01999 
 6.563783 
 27.35671 
 26.00901 
 8.886847 
 9.79153 
-21.81256 
 6.960002 
 1.808542 
 5.395635 
-16.75125 
-31.48372 
-17.08683 
-39.12775 
 1.182272 
 27.74875 
 44.43575 
 54.53448 
 68.00344 
 43.23554 
 52.92428 
 32.04094 
 20.80836 
 36.38194 
 46.64611 
 42.39335 
 25.96208 
-3.048385 
 8.136717 
-16.56813 
-42.803 
-43.64755 
-26.87296 
-29.23535 
-10.66547 
-4.909158 
-16.65909 
-29.83951 
-25.8317 
-23.01905 
-25.06946 
 11.12323 
-1.586338 
-9.7593 
 21.81396 
 3.823259 
-11.68572 
-24.95804 
-8.275955 
-4.734422 
 23.05872 
 14.14709 
 15.53014 
 .2371128 
-19.55485 
-39.80347 
-10.28731 
-9.663839 
-10.14689 
-16.90057 
-40.21063 
-1.27094 
 4.646216 
-10.32678 
-9.532127 
-17.25377 
 8.109739 
 18.72191 
 37.46047 
 9.806832 
-16.5866 
-14.15938 
-33.52819 
-45.82073 
-33.96818 
-4.546551 
 7.697428 
 22.49566 
-10.82839 
-24.58452 
-12.36726 
 20.79676 
 32.61581 
 4.355589 
 9.640342 
 16.82887 
 38.79528 
 29.28356 
 23.32797 
 10.51966 
 7.090997 
 24.59571 
 42.98593 
 39.22487 
 57.41523 
 20.95817 
 39.56794 
 56.49327 
 34.60674 
 54.79816 
 34.60869 
 37.10434 
 31.99661 
 16.42528 
 11.68672 
 23.64419 
 28.08004 
 22.21886 
-13.9854 
-1.208827 
 22.94136 
 6.654265 
 2.285504 
 26.55574 
 21.13102 
 13.50295 
-9.107081 
-2.810206 
-18.29007 
-12.76538 
 5.490984 
-23.33177 
-13.94451 
-13.53007 
-9.052367 
-21.75642 
-7.088539 
-15.67781 
-3.149223 
 18.026 
 3.22079 
-12.38017 
-32.31079 
-4.969264 
-12.43142 
-4.377416 
-18.35469 
-19.7793 
 9.218326 
-3.744359 
-19.65051 
-40.23432 
-41.79768 
-3.666511 
-31.38642 
 3.124188 
-16.45498 
-29.26214 
-14.58741 
-29.74223 
-14.07834 
-10.11308 
-23.13594 
-40.8357 
-19.20101 
-35.63892 
-46.87465 
-63.92421 
-67.16773 
-66.51624 
-49.96094 
-27.41362 
-6.173835 
-6.694837 
-15.58478 
 2.589456 
 32.22512 
 21.89062 
-2.789306 
 15.05119 
-8.401058 
-27.33442 
-12.5785 
-26.0727 
 .9983528 
-.7014177 
-24.82557 
-4.989534 
 16.09619 
 2.948171 
-18.25829 
-1.51617 
 7.57983 
 29.68275 
 41.13201 
 13.72174 
 34.50825 
 45.85955 
 11.6561 
-16.85004 
-38.05991 
-43.84589 
-49.31667 
-62.72974 
-40.34824 
-29.89478 
-34.67957 
-19.12681 
-43.94621 
-35.3371 
-51.75378 
-35.88871 
-21.65652 
 9.361168 
 6.032087 
-11.37749 
 22.21617 
 6.186241 
 1.611516 
 27.39789 
 16.65219 
 28.72857 
-1.812774 
-17.68896 
 5.531785 
-21.64099 
-32.83948 
-51.9598 
-54.69611 
-47.03056 
-22.12779 
-10.70149 
 16.40774 
 29.97804 
 30.15539 
 36.93018 
 56.45012 
 27.6405 
 8.860454 
 12.39825 
 36.82683 
 54.62088 
 53.55824 
 29.74198 
-1.452487 
-.5609464 
-25.75119 
-32.43832 
-33.78416 
 .705931 
 22.43705 
-1.035063 
-26.57076 
-27.75336 
-4.167796 
 25.20216 
 27.65788 
 19.01072 
-.1413215 
-16.20398 
 2.011738 
 16.58795 
-8.565931 
 6.207877 
-16.94115 
-26.65842 
-20.84631 
-27.26567 
 3.429672 
 13.51745 
 19.4064 
 35.91467 
 16.35933 
 2.736814 
 24.27945 
 38.2297 
 48.15546 
 56.84724 
 55.08477 
 41.08149 
 23.48822 
 26.18233 
-5.029292 
-20.28929 
 1.547691 
-25.62307 
-26.42048 
-48.12507 
-23.28737 
-18.17546 
 1.808796E-02 
-3.217844 
-8.160068 
 11.98777 
 25.83613 
 23.83057 
 9.747923 
-17.95726 
-9.355006 
-10.76478 
-16.34235 
-3.762246 
 3.603551 
 4.579177 
 15.24969 
-15.38098 
-22.93065 
-6.452779 
 9.32349 
 27.19031 
 28.72434 
-5.410152 
 6.317494 
 29.84284 
 50.75676 
 45.98567 
 36.77683 
 43.1413 
 15.97846 
 18.60051 
 13.7678 
 11.03712 
-.291972 
-10.33611 
-19.96804 
-18.25431 
 7.168096 
-2.995553 
-27.08912 
-10.52321 
 1.871732 
 18.85601 
 10.34635 
-20.16346 
-18.30387 
 4.325674 
 7.041975 
 5.59473 
 25.15719 
 19.83027 
 37.27317 
 19.69546 
-6.668198 
-28.26078 
-7.645847 
-28.57328 
-37.50412 
-53.02172 
-43.40048 
-40.66928 
-22.0928 
 4.763603 
 7.997864 
 34.66488 
 54.89048 
 44.15676 
 29.03507 
 27.71912 
 28.13514 
 3.98626 
 24.46083 
 10.39232 
 10.33804 
-22.69374 
-38.3763 
-9.009668 
-9.300251 
 10.80744 
 6.294805 
-21.33154 
-32.02276 
-52.57809 
-53.10199 
-47.15303 
-32.8677 
-4.384048 
-30.05951 
-10.0733 
 3.780722 
-13.03608 
-11.67782 
 8.272419 
 26.62254 
 43.84439 
 29.51831 
 6.865571 
-4.516394 
 13.18449 
 31.82115 
 3.52428 
-2.439934 
-13.17642 
-29.99255 
-12.92736 
-40.12991 
-14.05818 
-9.347901 
 14.69715 
 36.75707 
 38.16083 
 56.07276 
 22.01606 
 2.350316 
 23.72949 
 46.08384 
 48.95667 
 9.352627 
-3.025894 
-18.27165 
-42.19482 
-55.98562 
-25.95967 
-8.28778 
 18.98675 
-8.623818 
 18.94888 
 24.33422 
 35.27106 
 10.49785 
 15.66508 
 17.0429 
-14.0144 
-10.39491 
 10.03763 
 12.64133 
 33.52753 
 44.20271 
 44.47635 
 37.78477 
 1.022438 
-22.56911 
-9.536955 
-4.788732 
-20.17134 
-.5583023 
 9.526276 
 36.83904 
 20.18635 
-14.61355 
 8.395408 
 23.09365 
 19.26499 
-.7030974 
-14.16004 
-35.15952 
-15.70705 
 6.80815 
-21.95526 
-.7815287 
 27.11863 
 17.79936 
 31.02085 
 32.72679 
 4.926497 
-17.73507 
 5.562487 
 11.83262 
 9.233082 
 23.1195 
 15.23398 
 2.956835 
-7.203791 
-15.59376 
 4.474428 
 18.95943 
 21.65943 
 10.07367 
-17.27939 
-21.20926 
-33.69556 
-13.60844 
-15.71349 
-29.84713 
-15.23908 
 15.80369 
 10.03281 
 23.19476 
 45.33772 
 10.67097 
 7.312837 
-10.74998 
-28.035 
-3.768375 
 22.49058 
-7.792404 
-9.601239 
 2.333254 
 2.831571 
 21.97706 
 40.7586 
 38.30669 
 43.42971 
 57.00414 
 49.45984 
 57.61708 
 28.38035 
-1.174601 
 15.90153 
-15.30915 
 8.218966 
-16.713 
-35.96076 
-36.24491 
-40.42395 
-57.27578 
-32.02857 
 2.968349 
 32.51701 
 35.54258 
 37.80815 
 21.2105 
 7.150979 
 14.59463 
 32.37585 
 52.79295 
 48.24255 
 63.19405 
 60.87934 
 32.12214 
-1.671058 
 11.71153 
 7.092501 
-13.29465 
-29.71811 
-38.47597 
-11.33296 
 17.89537 
 .4019409 
-17.00782 
-38.18165 
-29.32116 
-22.67184 
-28.26841 
-50.58041 
-51.30185 
-33.02297 
-2.367207 
-25.43855 
-48.43362 
-35.98209 
-.9762242 
 15.18579 
 33.94598 
 45.17828 
 35.22987 
 19.57337 
 34.22715 
 35.01588 
 9.280268 
 35.50102 
 16.26303 
 21.97905 
 35.79551 
 35.07351 
 10.2013 
 2.505298 
-5.740327 
 10.40173 
 30.63259 
 52.63763 
 40.55176 
 58.21724 
 40.52966 
 45.36015 
 61.08766 
 64.68504 
 63.83862 
 45.5518 
 12.35105 
 4.601517E-02 
 28.91065 
 30.08515 
 21.27745 
-9.900379 
 14.13551 
-17.45765 
-19.10467 
-32.21104 
-47.52989 
-29.43777 
 7.366466 
-21.80268 
-41.98262 
-36.91986 
-16.53102 
 6.229472 
 7.616625 
-17.28834 
-20.80752 
-21.47196 
 12.24257 
 10.05411 
 13.09111 
 28.62363 
 37.37851 
 13.67712 
-16.57054 
-17.08354 
-38.43447 
-52.603 
-41.45604 
-12.99149 
-5.006198 
-29.5062 
-27.18641 
-16.41674 
-5.385214 
-24.14396 
 .1937559 
 12.02295 
 16.80521 
-11.18342 
-25.47482 
 5.844553 
 22.56743 
 14.92759 
 30.50691 
 14.33635 
 34.99429 
 54.02843 
 24.26003 
 28.59992 
 19.03895 
-14.69663 
 16.64936 
-16.08334 
-31.41456 
-10.65491 
 4.038215 
 17.57058 
 14.02816 
 19.11694 
 2.84482 
 22.45327 
 23.54663 
 15.5475 
 26.14474 
-5.031868 
-7.856205 
-14.23153 
-26.13432 
-33.84465 
-46.75883 
-11.56341 
 21.66108 
 10.78677 
 24.71936 
-11.42487 
 8.190388 
 20.69333 
-11.10567 
-3.960196 
-31.89138 
-26.00758 
-8.611804 
 5.15059 
-19.05809 
-41.69017 
-31.22309 
-10.35429 
 14.92852 
 21.55455 
 6.820193 
-11.22551 
-23.58808 
 6.236598 
 26.96787 
 17.91477 
 12.70176 
 16.34036 
 18.11564 
 30.30521 
 9.208535 
-4.0581 
-6.156831 
-2.471214 
-12.54476 
-9.51941 
-20.15556 
-33.65297 
-51.25837 
-48.61094 
-14.79731 
-3.798623 
 12.86341 
 20.02809 
 37.28438 
 36.47375 
 36.73103 
 12.23635 
 7.945585 
 32.61354 
 31.37654 
 .4322869 
 22.67023 
-11.41172 
 9.778198 
-1.378147 
-24.87563 
-4.463044 
 9.043742 
 37.30669 
 20.7349 
 19.33358 
 10.69866 
-5.80338 
-15.5585 
 3.507533 
-12.79392 
-36.77141 
-19.89271 
-35.25229 
-41.66871 
-28.65535 
-51.3934 
-22.36383 
-19.20812 
-32.05049 
-34.59692 
-52.86271 
-65.32407 
-75.42836 
-29.77331 
-50.01886 
-7.99106 
-35.65775 
-36.3604 
-44.40262 
-33.80473 
-15.40991 
-33.82585 
 3.396188E-02 
-6.02705 
-24.93857 
-44.08073 
-8.861791 
-22.0637 
-14.45238 
-8.789584 
-27.05087 
-1.927433 
 29.06361 
-5.842336 
-29.859 
-1.900228 
 15.3475 
 1.435496 
 9.868864 
-13.33702 
 19.72286 
 3.956031 
-22.87487 
 7.839572 
 28.30516 
 27.5064 
 32.03771 
 52.42004 
 22.78777 
-10.55096 
 17.69968 
 34.34749 
 6.12785 
 17.79759 
 23.41265 
 24.83773 
-10.96306 
 20.37396 
 39.66096 
 13.10124 
 9.255925 
 29.81141 
 19.06883 
 44.48316 
 16.27324 
 34.7603 
 1.568483 
-7.958693 
-9.330688 
 .2290939 
 26.89478 
 44.85353 
 57.54202 
 21.58275 
 38.71944 
 39.78318 
 3.980303 
-8.918601 
-4.790619 
 4.472395 
 15.8412 
-1.111138 
-13.19258 
-15.20009 
-20.44052 
-6.759945 
 4.6355 
-3.009582 
-4.035286 
-14.38198 
 5.242909 
 30.52085 
 26.78453 
-3.074099 
-17.10733 
 10.59661 
 17.35323 
 3.629993 
-4.187444 
-12.72681 
 18.48796 
 21.32803 
 2.82089 
 15.39688 
 33.32817 
-7.547231E-02 
 5.203541 
 30.58771 
-.7148586 
 18.28146 
-3.701047 
 27.5854 
 9.302112 
-3.39721 
-1.3495 
 12.03837 
 12.52085 
 20.16302 
 17.17684 
 28.12562 
 15.92225 
 6.482761 
 12.16018 
 32.14084 
 3.147012 
-24.07887 
-33.56361 
-26.10262 
-38.75616 
-11.91099 
-34.20932 
-35.39482 
-13.1912 
-31.64741 
-32.13106 
-16.0513 
 4.778233 
-1.024952 
-8.044622 
-24.39236 
-25.64917 
 4.801434 
-1.69444 
-26.43563 
 10.34881 
 5.163317 
 18.18359 
-7.314133E-03 
-17.39366 
-5.525062 
 24.19402 
 31.5178 
 40.2686 
 32.47079 
 32.59352 
 29.94758 
 33.49831 
 23.86153 
-9.119789 
 13.34372 
 23.3848 
 12.64404 
 .594144 
 22.62406 
-6.41671 
 23.14253 
 35.64532 
 36.57913 
 29.8961 
 17.60346 
 7.723523 
-24.73145 
-32.86102 
-34.65971 
-8.972405 
 20.82565 
 22.68591 
 44.56983 
 8.455364 
 15.23667 
 25.40604 
 3.192156 
 7.701927 
-4.238092 
-6.54811 
 24.873 
 47.45577 
 42.39564 
 33.72884 
 3.671009 
-5.051515 
 24.11155 
-2.326957 
 3.233327 
-6.403317 
-7.763267 
-.1665311 
 20.70069 
 1.488255 
 23.60408 
-7.947061 
-13.32673 
 10.882 
 31.32961 
 3.876904 
 28.6088 
 48.71665 
 42.23182 
 7.737763 
 165 
 7 
 50 
