 .7744541 
 1.550846 
-2.942744 
-4.189647 
 3.143588 
-6.93721 
 2.02795 
 5.799622 
 5.290963 
-5.731827 
-3.255507 
 4.882735 
 6.327687 
-2.791475E-02 
 7.549118 
 8.512511 
-4.51454 
 5.898997 
-.3219196 
 .3030331 
 4.468029 
-5.863916 
-.3788551 
-.6343161 
-3.50688 
 .8762175 
 2.701188 
-2.993288 
-4.575812 
 3.919892 
 6.575372 
 3.579904 
 9.107891 
 9.661912 
-1.352063 
 2.756181 
 8.742535 
-1.369426 
 .112455 
-6.404001 
 6.105231 
 4.851884 
-6.358557 
-.8210476 
-6.808492 
-8.691326 
 2.086463 
-2.853116 
-8.354099 
-6.036279 
-3.877637 
-4.507218 
 5.885234 
 9.749063 
 1.531222 
-3.133671 
-6.566456 
-7.634866 
-6.451387E-02 
-1.492124 
-1.908573 
 2.864864 
-1.919331 
 1.559832 
-4.281488 
-6.518331 
-.7388315 
-7.098358 
-2.977432 
 5.677778 
-2.072767 
 3.997789 
-.6916941 
-3.664466 
 5.67944 
 3.987546 
 3.374686 
-8.193359E-02 
-6.604074 
-1.131655 
 2.816969 
 7.677629 
 7.954676 
-5.24435 
-.9822931 
 6.492086 
 .9532077 
 3.21893 
 1.078514 
 .5726701 
-.42096 
-2.533161 
-2.374179 
-4.53334 
-8.733405 
-7.008236 
 5.577584 
-5.38473 
-3.531977 
-3.348189 
-1.245395 
-6.035517 
-2.36482 
-4.734245 
 .5793633 
 .8752118 
-5.340993 
 5.452238 
 4.286587 
 1.482367 
-1.313839 
-6.847642 
 2.437596 
 .125995 
 4.191293 
 2.924255 
 6.387184 
-5.813324 
-6.613992 
-9.104194 
-9.392118 
-5.783402 
-7.947904 
-10.74051 
-2.862684 
 1.646166 
 1.251144 
 5.760456 
-4.982525 
-6.647794 
 .7827933 
-.4967022 
-2.499504 
-6.533032 
 1.236737 
 7.414414 
 2.886061 
-5.782985 
 2.35129 
-.8475044 
-.8971708 
-.41759 
-4.918284 
-4.372273 
-8.02969 
-1.121106 
-5.762924 
 5.137326 
-4.921161 
-2.50595 
-4.523241 
 4.636216 
 5.597113 
-1.909422 
 2.225131 
-3.264066 
-7.762722 
-10.17833 
-6.183889 
 2.752063 
-2.429346 
-5.114769 
-1.969383 
-4.6503 
-4.10797 
-8.770595 
-3.116722 
-5.815315 
 4.088326 
 2.768888 
 5.063804 
 8.634179 
 2.044739E-02 
 .7091661 
-6.631643 
 5.925076E-02 
-1.452798 
 7.06444 
-4.026386 
 5.629251 
 3.782664 
-1.271169 
-6.148827 
-2.311073 
-5.33632 
 6.356659 
-3.996242 
-8.997119 
-5.43188 
-.9723037 
 6.606411 
 2.756858 
-.6417539 
 5.474347 
 7.10337 
 5.112537 
 5.279683 
 9.830915 
 .5502932 
 9.916496E-02 
-1.391965 
 2.74603 
-4.364678 
-2.669113 
-.1545751 
 5.098427 
 2.31405 
-.4391761 
 6.696086E-03 
-4.451668 
 .5140338 
-5.692673E-04 
 2.958244 
 7.279526 
 .2297057 
-3.157284 
-4.407433 
-7.143091 
-1.816312 
-5.113686 
-.2665729 
-2.319975 
 5.403029 
 1.383198 
-4.615426 
 1.522639 
 4.539201 
 3.328374 
 5.689806 
-3.698869 
 3.842473 
-3.626024 
 6.303511 
-5.069821 
-8.809463 
 1.955311 
-1.33907 
-1.027768 
-6.556267 
-8.406307 
-8.049181 
-9.989841 
 .2921303 
 .6345218 
 1.202872 
-4.246565 
-1.893327 
 3.419917 
 5.231316 
 3.392875E-02 
 6.606138 
 6.155988 
-4.745871 
 .6708235 
 3.701794 
-6.729905 
-3.2975 
-2.667395 
-4.536892 
 6.477801 
 7.040316 
 5.47952 
 .4194085 
 3.971809 
-2.364571 
-3.10919 
-2.091688 
 6.605536 
-4.06109 
 1.077914 
-2.141931 
-7.16292 
-7.457822 
-9.315348 
-4.105088 
 6.190016 
 2.68443 
 .7739413 
 7.987976 
-2.040376 
-2.638038 
-2.555096 
-4.399097 
-1.363907 
-6.350754 
-1.766304 
 7.04416 
 3.213097 
 7.731566 
 5.066963 
 .6710675 
 3.374102 
-6.037041 
 2.242558 
 4.004067 
 1.243712 
-5.2363 
-6.209123 
-4.847442 
 3.090893 
-6.361192 
-1.757235 
 3.63847 
 6.093029 
-.894361 
 7.445926 
 7.380097 
 5.241047 
 8.319075 
 8.831791 
 1.48523 
-5.687723 
 5.595834 
 6.669258 
 5.362838 
 .1200776 
-7.875231 
-7.976207 
-8.066513 
-2.443069 
-2.325016 
-7.194142 
-5.98359 
 .4102314 
 5.844038 
 1.851948 
-4.510981 
 5.033982 
-.4570496 
-3.034296 
 3.452353 
-3.500199 
-1.996353 
-4.962895 
 4.589904 
 3.287431 
-.9939823 
-2.128525 
 5.213064 
 3.087684 
 8.056871 
 2.88028 
-1.847365 
 5.432432 
-2.189662 
-4.640543 
-6.753919 
-4.682653 
-9.650153 
 .8520619 
 5.852191 
-1.734746 
 2.761246 
-.6658076 
 4.882915 
 5.530964 
 .7642868 
-6.658214 
-3.609987 
-3.792531 
 2.221529 
-2.354575 
 4.128763 
-4.365838 
 .1131162 
 7.501087 
-1.782712 
 6.623402 
-4.173409 
 6.576718 
 4.29717 
 3.003596 
 7.555438 
 3.66212 
-2.987939 
 4.92885 
-5.364385 
-2.731323 
 3.372505 
-3.073103 
-2.977476 
-2.641698 
-.4173906 
-3.891848 
 7.271095E-02 
-4.726227 
-8.417431 
 3.754687 
-5.146247 
 .8329911 
 6.818662 
-2.191841 
 6.653963 
 7.810492 
 1.557739 
 .3717086 
 4.529369 
 6.940353 
 .317513 
-4.879001 
-4.418153 
-2.844824 
-6.60032 
-.1685446 
-6.608516 
-6.957571 
 .90545 
 .3650368 
-5.067513 
 6.405268 
 1.598144 
-7.599319 
-3.66459 
-4.63897 
 2.635464 
 7.251963 
 7.606538 
-2.832807 
-7.314554 
-10.37174 
-9.045042 
-4.923518 
-6.69078 
 5.687402 
 7.922956 
 3.889278 
 5.00805 
-4.19273 
-5.315348 
-9.433089 
 2.321899 
 5.385348 
 6.500871 
-.6403182 
-1.009199 
 .5761727 
 5.14872 
 2.70782 
-3.976269 
-6.066796 
-4.170901 
-.142582 
-2.595388 
-.37535 
-1.340238 
 .7622539 
-7.11593 
-1.516667 
-5.291508 
 5.863048 
 8.976575 
 10.95476 
 9.08984 
 1.448624 
 5.46198 
 9.769578 
-.8007089 
-5.584135 
 1.382685 
-7.456633 
-5.03804 
 1.525146 
-5.882568 
-8.282762 
-6.098268 
-3.621657 
-.2026009 
-3.158419 
-4.363396 
 3.630747 
-1.943683 
-2.658797 
-2.476843 
 4.787195 
 6.515453E-02 
 3.695076 
 3.789523 
-.3092845 
 7.268197 
 4.726299 
 1.787834 
-3.950053 
 7.981525E-02 
 4.092048 
 .6078172 
 6.812122 
-1.352687 
 2.304783 
 7.126441 
-1.278017 
-2.571029 
-8.777305 
-6.19102 
 5.922486 
 6.18539 
 3.318558 
 2.79945 
-2.89204 
-.7993014 
 4.545764 
 7.314064 
-4.297149 
-.7010759 
-1.6107 
-7.499756 
-3.214813 
 2.217057 
 .7030236 
-1.29589 
 6.863901 
 10.14363 
 4.768246 
 2.061535 
 2.547724 
-5.900108 
-7.066459 
-5.820733 
-9.750535 
-8.829229 
-4.155215 
-.5481176 
 .7794167 
 4.849039 
-5.913733 
-3.449785 
-8.328277 
-5.765116 
-.1737925 
 .2334198 
 1.653137 
-2.254269 
 5.969442 
 6.344335 
 3.28795 
-5.847759E-02 
 3.785525 
-4.293546 
-8.590225 
-6.970794 
 1.981953 
 8.022305 
 5.733167E-02 
 3.03308 
 5.747124 
-5.746861 
 2.959215 
 .6844341 
-4.58126 
 .1927226 
 6.75193 
 9.463381 
 5.562472 
-6.147694 
 .6661519 
 7.8181 
-5.504551 
 5.645767 
-5.154655 
-5.044664 
-.2777642 
 4.947804 
-5.925025 
-9.197796 
-1.914894 
-3.647603 
-2.610626 
-.6777491 
 3.601893 
 .3601906 
-2.789597 
-7.86799 
-4.030844 
-.1066619 
 4.275471 
 2.694417 
 3.354211 
 6.11618 
 .6129993 
 5.057233 
 5.247262 
 4.856167 
 5.343227 
-3.310615 
 3.409246 
-5.93801 
-6.037379 
 5.421777 
 6.982645 
-2.33736 
-5.920468 
-6.214136 
 4.956335 
-2.368714 
-4.757695 
 1.974521 
 3.334445 
 5.540334 
 6.022242 
-1.191082 
 4.926385 
 5.16888 
 8.145941 
-1.911995 
-2.971699 
-.0865236 
-2.39084 
-5.609163 
-.5175459 
 1.959803 
-5.267045 
-8.882016 
-.6696368 
 5.323215 
 4.022841 
 6.943909E-02 
-5.096903 
-1.718089 
 7.186784 
 6.72554 
 .2158717 
-.1821952 
 .7103924 
 3.075183 
-6.563754 
 .3007736 
 6.633183 
-.4717037 
-6.414535 
-3.287558 
 3.383151 
-1.230251 
-1.8367 
 3.458116 
 7.794649E-02 
 3.621885 
 1.278649 
-4.928766 
-5.221183 
-8.43723 
 5.114224 
-1.891079 
 1.322244 
-2.737251 
 4.881236 
-1.387319 
 4.385542 
-3.912575 
-4.533839 
-8.453299 
-2.835535 
-1.686478 
 1.056028 
-7.344801 
-5.343011 
-7.68499 
-5.310196 
 2.541123 
 2.90248 
 8.521436 
 8.10996 
 3.499869 
 2.8773 
-4.140325 
 5.241566 
-1.277274 
 1.232076 
 1.988757 
 5.010563 
 5.132782 
 4.717071 
 5.783611 
-2.092839 
 .1385339 
 .193845 
 1.129643 
-3.208729 
-2.412159 
-3.224016 
 6.681851 
 2.460896 
 2.148985 
 .1206086 
-7.617521 
-4.457545 
-7.365788 
 .146477 
-5.626307 
-6.756012 
-4.217981 
-7.977364 
-.6854821 
 3.090494 
 8.322945E-03 
-1.291864 
-3.099255 
 2.286131 
-3.956707 
-8.738179 
 3.497751 
-6.345528 
-2.722608 
 3.031799 
 5.154376 
 6.940485 
-2.511217 
-1.321588 
 5.594682 
 7.176814 
 .8491706 
-.3396176 
-2.58223 
-4.935227 
 3.431565 
 1.831945 
 1.216778 
 2.465218 
-5.943479 
 1.535897 
-3.464211 
-8.356208 
-6.373361 
 5.480064 
-1.063029 
 2.073606 
-1.564941 
-2.633302 
-3.682487 
-5.854784 
-6.595261 
-3.384554 
 .830623 
-3.96175 
 1.767206 
 2.041426 
 2.340652 
-6.137075 
-9.429497 
-8.715701 
-6.963578 
-3.902801 
 .1141817 
-3.437823 
 4.39453 
 7.930725 
 2.993788 
-.874298 
-8.418229 
-6.791636 
-7.707231 
-.1116475 
 7.836139 
-.5495684 
-4.419773 
 4.768527 
-4.521282 
-.3165292 
 1.647535 
 2.334416 
 3.924928 
 6.992913 
-4.328697 
-3.123344 
 4.273991 
-2.414937 
 2.140384 
-1.007877 
 5.146015 
 .5609747 
 5.67768 
-2.769505 
 2.88829 
 7.461486 
-2.212549 
 7.174712 
 9.934265 
 9.280501 
 3.366818 
 3.555444 
 .4381653 
-5.477931 
 .5736426 
 2.028248 
 6.445605 
-9.223229E-02 
-7.341443 
-2.273054 
-8.02027 
-4.633142 
-2.292345 
-4.044498 
 6.358245 
-5.91893 
 .5451448 
 2.04127 
 1.20237 
-7.311691 
 1.189942 
-2.658694 
 7.01643 
-1.155281 
-2.584693 
-3.750723 
-3.598864 
-5.486382 
-.2507915 
 3.228815 
-2.751442 
 .3452333 
 1.368774 
 8.470583 
 9.790667 
-.9324663 
 4.772151 
 5.954932 
 .4107192 
 2.258207 
 .6252635 
 .1774241 
-5.944801 
 5.762485 
-3.415655 
 .3634112 
 3.087963 
-5.391905 
 .7306625 
 4.131695 
 5.914862 
 .7879684 
-6.572795 
-2.125124 
 .5360887 
-7.03129 
-3.700733 
-7.439698 
-8.191339 
-5.675967 
 6.198024 
 3.706215 
-2.486315 
-2.171464 
-1.1911 
-7.530659 
-3.114467 
-2.029023 
 6.62738 
-1.575389 
-5.848805 
-1.787019 
-3.133702 
-.7990677 
-1.951013 
-4.565375 
-8.551681 
-.4496391 
-2.357817 
-2.396165E-03 
 6.243493 
 .7546077 
 1.789485 
-1.372987 
-7.687265 
-8.869839 
-8.655581 
-8.60113 
 1.481482 
-3.372942 
-7.00253 
-9.748623 
 6.083828E-03 
 5.638253 
 2.102685 
 5.594268 
 9.715814 
 3.536602 
-5.925722 
 .1345037 
-2.748658 
-4.512133 
 1.536544 
-1.107123 
-2.248775 
-5.546198 
 4.36152 
-4.298954 
-2.996319 
 .8160518 
 1.067553 
 4.098549 
-4.840825 
-4.42534 
-9.480327 
 1.579079 
 7.407365 
-.8910237 
-4.769315 
 5.87526 
-3.191182 
-2.385319 
-3.016265 
-3.839508 
 6.608746 
 3.425094 
 1.539834 
-5.489969 
 4.751718 
-6.138079 
 2.8067 
 4.491927 
-2.737067 
 6.352398 
 1.506432 
 4.150989 
-.3463661 
-4.496718 
 .2290655 
 .9105471 
-.3321717 
 2.335442 
 5.106022 
-5.467438 
-7.371868 
-8.919281 
-10.21919 
-2.549196 
 6.656886 
-2.333537 
-3.263104 
 5.335718 
 1.404665 
-3.932165 
 4.454443 
-5.622112 
-7.815983 
 5.074091 
 7.100053 
 7.582111 
 10.57182 
-.8579559 
 2.386702 
 2.833219 
 8.615355 
 1.48225 
-6.774965 
 4.003215 
-4.226171 
-5.468251 
 2.328315E-03 
-2.202707 
-.2369461 
 6.768939 
 2.946459 
 8.471718 
 7.062336 
 .7233805 
 4.423077 
 2.634133 
-4.938189E-02 
-7.450832 
-9.952552 
-5.449008 
-3.132275 
-3.212327 
 1.10841 
-4.882353 
-2.649178 
-6.477896 
 5.609775 
-1.875974 
-7.824293 
 2.462343 
 4.230472 
-2.692842 
 3.880894 
 7.308677 
 10.2717 
-.432878 
-.7454727 
 6.515847 
 9.023773 
 2.912025 
 7.229904 
 3.518382 
-.1379931 
 5.180086 
 5.380913 
 8.207223 
-3.02128 
 3.508825 
 3.857764 
 8.019669 
 8.042117 
 7.135446 
 6.823552 
 1.771171 
 4.462341 
 2.496454 
-4.683743 
-4.594835 
-2.008059 
 5.802711 
 7.86385 
 .6440129 
 7.823878 
 2.575259 
 8.751899 
 1.953514 
 5.19717 
-1.455523 
-7.360081 
 3.839263 
 2.534969 
 6.734286 
 7.237628 
 6.717332 
 9.103783 
-4.421031 
 3.889076 
-3.193413 
-4.713886 
-8.840096 
 3.742888 
 9.190837 
-.9248012 
 .3534605 
-2.453788 
-5.48518 
-6.657419 
-8.211 
-.9327559 
 1.107816 
 6.197927 
-4.737689 
-6.431586 
 .1183025 
-.6084264 
-3.701234 
 4.262685 
-1.783528 
 7.183512 
 .6343723 
 4.976381 
 6.608857 
 3.894519 
-1.095986 
 1.045866 
 2.967335 
 2.319145 
-6.469662 
 3.479409 
-6.092308 
-7.670419 
-5.487153 
-2.822844 
-2.16438 
 5.132979 
-5.60425 
 4.692282 
-2.742199 
-8.204421 
 1.940801 
-6.954014 
-8.193378 
 .1250991 
-3.838487 
 4.361394 
-3.335034 
-5.555291 
-1.691358 
 1.411932 
 2.201955 
-5.830668 
 5.366978 
-.1891283 
-2.558591 
-8.35501 
 3.688053 
 1.08423 
-1.165615 
 6.679294 
-1.915386 
 .2665765 
-7.366967 
 2.76309 
 .3996433 
 .8756496 
-1.736347 
-6.334514 
 1.770304 
-4.004885 
-6.032656 
-4.839238 
-2.807881 
 3.041144 
-5.261821 
-2.748641 
 4.423869 
 2.626325 
 5.24795 
-1.678347 
-7.568156 
-.4158723 
-9.337998E-02 
 3.051792 
-1.431109 
 1.714771 
-4.999772 
 5.040556 
-.5072887 
 4.988608 
-3.887691 
-1.267677 
-8.037816 
 1.458723 
 6.044874 
-1.410899 
-1.745038 
-.3294376 
-8.222693 
 5.559343E-02 
 7.815242 
-4.131484 
 3.255929 
-6.407786 
 5.555449 
 9.968139 
 6.302617 
 5.107363 
-3.597092 
-6.482475 
 5.544531 
 4.977976 
 7.907154 
-3.548499 
-6.863983 
-5.978466 
-9.593634 
-5.972737 
 4.647916 
-2.761317 
 2.396092 
 6.185852 
-4.762822 
 3.672037 
 6.298064 
-2.84085 
-7.395905 
-.3583511 
-7.056985 
-.2674087 
-.7151971 
 7.01733 
-2.760039 
-4.198987 
 .3925151 
-4.015302 
-4.356258 
-8.057521 
-10.7256 
 4.015546 
 5.120245 
 .4693391 
-.5099953 
-.8119769 
 5.566741 
 .3420954 
 3.494286 
-.8992255 
-2.144099 
-4.993149 
-6.072323 
-8.996813 
 1.846264 
 5.873706 
-.8481958 
-1.582829 
 7.570971 
 5.697986 
 1.683163 
 5.997393 
-.6841046 
-5.906901 
 4.733404 
 1.703066 
 5.269279 
 3.576432 
-1.374929 
 7.123043 
 .1890876 
-3.153033 
-5.621504 
 2.669475 
 7.30454 
-3.965366 
 5.328745 
 3.709598 
 7.579199 
 6.647436 
-.6712 
 .4096594 
 5.435318 
-3.919736 
 3.53346 
-2.756148E-02 
 .708836 
-6.783072 
-9.443841 
 2.440207 
 8.709104 
-5.055868 
 .9318026 
 7.732049 
-3.722874 
-3.090401 
-1.114739 
 6.185986 
-3.413366 
 4.223311 
 3.861152 
-3.298265 
-8.479584 
 3.995813 
 1.137285 
 3.155369 
-6.085712 
-9.920995 
 4.257798 
-3.372713 
 5.341174 
 .8326105 
-5.131447 
-5.131141 
 2.436805 
 6.575582 
-1.872314 
-3.102726 
 5.021122 
 7.487097 
 1.036167 
 1.899593 
-4.467039 
 5.828234 
-2.070726 
-8.559404 
-5.670129 
-.189428 
-2.042441 
 1.66688 
 4.496978 
 4.906167 
-3.573514 
-8.392012 
-6.861609 
-7.15099 
 5.4814 
-3.508799 
 1.421275 
 7.14976 
-1.428525 
-4.446288 
 3.000291 
 5.198392 
-.1362159 
-5.684482 
-.6744548 
-6.432814 
-5.812521 
 3.965417 
 4.045355 
 .738318 
 1.320623 
-3.955091 
-9.191545 
-6.968582 
 5.154875 
-5.617634 
 3.959405 
-5.581269 
 1.804388 
-3.209413 
 5.713254 
-5.465974 
-.1583678 
-.0596331 
 6.121584 
 1.078544 
 5.758303 
 7.197032 
-4.701748 
-.1924089 
 6.506525E-02 
 4.805093 
 .4150147 
 7.939488 
-3.298454 
 1.759943 
 3.719357 
 5.017115 
 1.560291 
 8.503519 
 8.520725 
-2.602325 
 1.845672 
-3.065442 
 5.072146 
 5.457252 
 3.731427E-02 
-6.573646 
-.1909828 
-6.482682 
 .7445858 
-2.873946 
-7.682582 
-.3038777 
 .698356 
 1.523692 
 6.066778 
 9.052773 
-1.808349 
-6.337105 
 1.491863 
 5.565828 
-1.145763 
 5.342992 
 6.271279 
 9.817761E-02 
 1.409925 
-1.658073 
-.1801811 
-.4723805 
 1.267835 
 4.900842 
-1.257782 
-4.289693 
 4.601673 
-2.458735 
-6.379777 
-7.616334 
-6.687076 
-7.452818 
-2.011791 
 6.904545 
 .4953089 
-3.151802 
 1.799623 
-3.815427 
 1.924721 
-2.186212 
-8.090274 
 4.66876 
-2.205056 
 2.146223 
 8.848147 
 .8861693 
-1.916951 
-1.307089 
 3.166084 
-2.976582 
 5.135409 
 6.258633 
 1.434059 
-5.665176 
-6.754022 
-6.352015 
 6.05669 
-5.97153 
-4.747693 
 1.932314 
-2.866072 
-3.922912 
-7.008139 
-5.159941 
-2.038431 
 6.286831 
-5.513962 
 2.529401 
-6.156951 
 .1373945 
 3.102367 
 5.548221 
 .2382426 
 4.330618 
-3.944959 
 5.870282 
-.9850315 
-7.369219 
-5.659072 
 .6271852 
-5.346586 
 4.463252 
-4.072585 
-2.375525 
 6.213476 
 1.463328 
 8.471913 
 1.610114 
 4.873995 
 5.060104 
-3.185417 
-6.498012 
 .5420972 
 8.096832 
 7.088383 
 3.40152 
-.805885 
-3.906804 
 3.063163 
-3.297544 
 2.182324 
 2.496475 
-4.314852 
 6.120225 
 7.155048 
 4.931147 
-5.473937 
-2.332927 
-7.311949 
 .2579174 
 4.64179 
 .7842307 
-7.781811 
-1.998374 
 1.188703 
 6.33219 
-.984502 
-3.91182 
 .5909554 
-2.015842 
 8.502457E-02 
 2.26205 
 3.282634 
-4.633953 
 1.586946 
 7.774329 
 6.949804 
 9.50005 
-2.664637 
-4.116912 
 2.370162 
-3.275154 
 6.340926 
 9.438697 
 8.763897 
 9.425229 
-2.042882 
 6.329029 
-4.281133 
 3.399688 
 4.857077 
 8.662707 
 2.12769 
 7.372715 
-3.025498 
-1.039248 
-2.368614 
 .838997 
-7.326983 
-4.868766 
 2.160056 
-6.216349 
-6.291334 
-9.112842 
 2.546139 
-4.051392 
 3.181068 
 8.831338 
 7.739557 
 2.177135 
 3.677676 
-2.460432 
-7.654889 
-5.092731 
-5.876048 
-2.910031 
-3.709343 
 1.120342 
-.7936881 
 5.332973 
 1.160446 
-.4698551 
 1.853436 
 3.40529 
 9.238899 
-4.57974 
-.6671202 
-7.512383 
-.6181575 
-5.606303 
-1.893411 
-1.463768 
 7.536895 
 4.061008 
 5.427904 
-1.752393 
 5.97192 
 7.608293 
-.4033653 
 5.841153 
 2.082916 
-4.073647 
 5.001303 
 1.399798 
 8.375678 
-5.004226 
 6.10902 
 7.68329 
-1.012734 
-5.14707 
-2.590091 
 2.192084 
-2.873634 
 6.684343 
-3.022605 
 1.558286 
-6.863922 
 3.928514 
-6.020597 
-2.169119 
-1.155471 
-6.761982 
-8.746037 
-5.037864 
-8.922333 
 4.694091 
 9.566306 
 4.301041 
-6.710087 
-.2241898 
 3.980567 
-.5343043 
 .9304655 
-5.208563 
 1.076809 
-4.369869 
 .1173035 
 5.803317 
 2.702073 
 8.506131 
 .6771224 
 2.277253 
-5.206519 
 2.225885 
 4.250277 
 7.487741 
 7.632245 
 5.156641 
-2.06482 
-1.443977 
 1.024782 
-6.642996 
-8.402675 
 4.637375 
-2.533197 
 5.369116 
 3.00324 
-3.966763 
 4.703018 
-3.170517 
-4.16226 
-8.748023 
-3.678069 
-3.967961 
 .6990214 
-1.872188 
 6.523633 
 5.909343 
-5.228861 
-4.287329 
-3.288012 
 .1113704 
-4.085599 
 5.786651 
 .5048291 
-3.374357 
 5.885864 
 5.262461 
 8.813926 
 2.555511 
-2.105599 
 4.232732 
-5.745396 
-8.427449 
 .5922835 
-4.396135 
-3.610632 
 3.250552 
-3.583547 
-3.815918 
-4.855297 
-1.81499 
 7.020959 
 4.962688 
 7.024159 
 1.768723 
-2.226383 
 5.280648 
 3.235442 
-1.724186 
 .2994963 
-7.65454 
 3.695718 
 .2995907 
 1.178282 
-5.152955 
-6.749236 
-.5145822 
-7.225193 
 5.713856 
 9.009624 
 9.274907 
 8.757255 
 10.18725 
 1.382826 
 6.019104 
 3.163368E-02 
-.7700067 
 5.34341 
 6.976318 
 4.341364 
-5.039636E-02 
-5.957732 
 .8502134 
-5.751421 
-9.997068 
-6.409434 
-.6118799 
-2.685343 
 2.064646 
 1.463701 
-3.000703 
-5.634692 
-2.811915 
-1.942969 
-2.765075 
 7.026573 
-.353682 
-2.40332 
 6.969893 
-1.041186 
-4.20744 
-5.704616 
 .8829826 
 .6570933 
 7.296463 
 1.57141 
 1.85385 
-2.406567 
-6.038005 
-8.699611 
 2.313028 
 .2011515 
-.7320776 
-2.738758 
-8.268243 
 4.93708 
 3.082712 
-2.677316 
-1.365715 
-3.158789 
 4.552029 
 4.85913 
 7.85904 
-2.249479 
-7.086162 
-2.785348 
-7.042705 
-7.868094 
-2.545269 
 4.676537 
 4.459421 
 5.91708 
-5.422741 
-6.166395 
-.4308264 
 7.850091 
 7.122037 
-2.983939 
 .7479084 
 2.824807 
 7.932723 
 2.704634 
 1.308865 
-1.380616 
-.6323926 
 4.954393 
 8.202983 
 4.615127 
 9.051687 
-2.832788 
 5.498043 
 9.022861 
 .9798147 
 8.093355 
 1.015345 
 3.38587 
 2.295448 
-1.199861 
-.5150984 
 3.830642 
 4.053368 
 1.685909 
-7.574862 
-3.20366E-03 
 6.355722 
-.7070444 
-.9330646 
 6.329375 
 2.43111 
 .2109634 
-5.027975 
-.5723402 
-4.507064 
-1.245132 
 3.584339 
-6.150527 
-1.093791 
-1.206422 
-.1305148 
-4.055867 
 1.099048 
-2.426135 
 1.474534 
 5.904895 
-.7971266 
-4.194893 
-7.524208 
 2.630299 
-1.485081 
 .8092766 
-3.769028 
-2.86475 
 5.441408 
-1.06423 
-4.844007 
-8.410451 
-5.911715 
 5.371908 
-5.912922 
 5.125815 
-3.351846 
-5.634312 
 7.276154E-02 
-5.026547 
 .4994099 
 .245189 
-4.093029 
-7.640064 
 .4816329 
-5.555805 
-7.252552 
-10.12714 
-8.551442 
-7.228689 
-2.515749 
 1.747108 
 4.332428 
 .8317658 
-2.565317 
 2.94164 
 9.031137 
 2.385289 
-4.298661 
 3.178159 
-4.188372 
-6.981043 
-.206735 
-4.534962 
 3.953735 
 .8911315 
-6.194422 
 1.57523 
 5.786274 
-.5268803 
-5.621432 
 1.389039 
 2.768957 
 7.311642 
 7.464093 
-2.058133 
 5.828103 
 7.293038 
-3.59805 
-7.956742 
-9.387894 
-7.202767 
-6.813863 
-9.184691 
-1.331203 
-.4313405 
-3.482031 
 .6266425 
-7.739056 
-3.238996 
-7.865976 
-1.884737 
 .7061331 
 7.002224 
 2.018209 
-3.57467 
 7.018954 
-.4746555 
-.9453852 
 6.683122 
 1.184459 
 4.753905 
-4.624938 
-5.851083 
 3.082029 
-5.869727 
-6.376088 
-9.426261 
-7.362883 
-4.112511 
 2.062774 
 2.182668 
 7.193642 
 7.073847 
 4.401829 
 5.311542 
 9.472256 
-.72444 
-3.33089 
 .4815737 
 7.527119 
 9.719553 
 6.628379 
-.5101385 
-6.427123 
-1.935934 
-7.38097 
-5.944677 
-4.519291 
 5.404126 
 7.587292 
-2.260719 
-7.610645 
-4.60749 
 2.884636 
 8.474702 
 5.131111 
 1.26142 
-3.386146 
-5.385638 
 2.00011 
 4.671444 
-4.054205 
 2.039808 
-5.086137 
-5.403364 
-2.036189 
-3.810028 
 5.071624 
 4.563324 
 3.977076 
 7.02706 
-.4650922 
-2.651795 
 5.078756 
 7.037191 
 7.560204 
 8.086096 
 6.068757 
 2.031788 
-1.196 
 1.956601 
-5.882085 
-6.314678 
 2.38368 
-6.369919 
-4.039014 
-8.917732 
 .4196781 
-.1114454 
 3.559244 
 .2864411 
-1.448061 
 4.341698 
 5.922425 
 3.161899 
-1.087951 
-7.065363 
-1.226659 
-1.418448 
-2.689244 
 1.357452 
 2.142069 
 1.200313 
 3.549391 
-5.969226 
-5.002312 
 1.195244 
 4.146614 
 6.746925 
 4.465427 
-5.676502 
 .9223278 
 7.00801 
 9.901237 
 5.430863 
 2.47549 
 5.038519 
-2.635673 
 .9537578 
 .304902 
 .3220315 
-2.154248 
-3.393658 
-4.377984 
-2.335804 
 4.764038 
-.6780446 
-6.851065 
 .3348391 
 2.685912 
 5.525171 
 .8166533 
-7.157534 
-3.207048 
 3.73477 
 2.228215 
 .8197041 
 5.868117 
 2.211705 
 6.736139 
 6.237629E-02 
-5.648773 
-8.041491 
 .9496098 
-5.803193 
-6.229182 
-8.740612 
-3.919635 
-3.536706 
 1.001246 
 5.957533 
 3.113642 
 8.668879 
 10.58683 
 4.34772 
 .4228107 
 1.792905 
 2.605767 
-3.654182 
 4.556961 
-.5905874 
 .5135258 
-7.928445 
-8.308783 
 2.4979 
 .1053641 
 4.753266 
 1.077103 
-6.584679 
-6.450045 
-9.776336 
-6.928556 
-4.319969 
-.8440551 
 5.051262 
-5.520759 
 1.470721 
 3.472537 
-3.103109 
-1.540085 
 4.016105 
 6.761043 
 8.614326 
 1.98971 
-3.358292 
-3.643965 
 3.23271 
 6.924363 
-3.112419 
-2.350868 
-3.790226 
-6.618153 
 .3423784 
-8.037667 
 1.585434 
 .7955934 
 6.022634 
 8.841831 
 5.767897 
 9.275731 
-2.213207 
-4.436201 
 4.432828 
 9.031995 
 6.86585 
-4.961943 
-4.25508 
-5.647525 
-9.464854 
-9.648187 
 1.024172 
 3.248267 
 7.748346 
-3.550951 
 5.611333 
 4.556364 
 6.068851 
-2.210184 
 1.390833 
 1.899157 
-6.491351 
-2.097684 
 4.053551 
 2.695938 
 7.31356 
 7.524106 
 5.556227 
 3.082875 
-6.196846 
-8.219648 
-.7365072 
 .3692913 
-4.31417 
 2.444082 
 3.439152 
 9.051762 
 1.026019 
-7.553743 
 2.688935 
 5.36755 
 2.307115 
-3.248867 
-4.685307 
-8.090504 
 .1468229 
 4.965711 
-5.598028 
 2.322798 
 8.135623 
 2.014097 
 5.406219 
 4.343625 
-3.749874 
-6.912375 
 2.756974 
 2.946039 
 1.075188 
 4.688405 
 1.007947 
-1.895644 
-3.116685 
-3.740867 
 3.066885 
 5.161512 
 3.695868 
-.3999496 
-6.727001 
-4.412688 
-6.219657 
 1.020788 
-1.172958 
-5.233921 
 .1436934 
 7.271176 
 1.899221 
 4.816314 
 9.062356 
-3.186932 
-1.185806 
-4.693878 
-6.866937 
 2.317936 
 7.489875 
-4.104755 
-2.345249 
 1.76232 
 .8626992 
 5.579749 
 8.328017 
 4.850588 
 5.579382 
 8.422487 
 4.64623 
 7.093738 
-1.524921 
-6.411391 
 2.404432 
-6.448174 
 3.135925 
-5.068977 
-7.92363 
-5.118072 
-5.271381 
-8.989326 
-.1268805 
 7.077573 
 10.3683 
 6.399655 
 5.125956 
-.158688 
-2.33409 
 1.726539 
 6.30787 
 9.71802 
 5.571397 
 9.119898 
 6.693782 
-1.300512 
-7.210546 
 1.127329 
-5.841922E-02 
-4.965288 
-6.900663 
-6.616227 
 2.444002 
 7.799403 
-.9119174 
-4.909182 
-8.40611 
-2.988581 
-1.21806 
-3.45291 
-9.018414 
-6.598627 
-.8009594 
 5.633685 
-4.498976 
-9.342361 
-3.041754 
 5.866334 
 6.13493 
 8.031874 
 7.933321 
 3.029684 
-.7621807 
 5.015261 
 4.194589 
-3.089081 
 6.637656 
-.5346771 
 2.476268 
 6.002953 
 4.218755 
-2.84705 
-2.265454 
-2.756508 
 3.018662 
 7.088056 
 10.27264 
 3.730019 
 8.717934 
 2.120412 
 4.774364 
 8.870452 
 8.044309 
 6.841465 
 1.743952 
-5.141957 
-4.086245 
 6.382611 
 4.370967 
 1.141219 
-6.475218 
 3.636571 
-6.274813 
-3.670358 
-6.000047 
-8.247737 
-1.121947 
 7.417682 
-4.87667 
-8.462082 
-4.282207 
 1.503308 
 5.411734 
 2.546343 
-5.293608 
-3.8414 
-2.854961 
 6.585433 
 2.387156 
 2.275081 
 5.781189 
 6.178641 
-1.743233 
-7.683107 
-3.760896 
-8.088159 
-9.044837 
-3.581945 
 3.569189 
 2.38264 
-6.111148 
-3.392724 
-.1020277 
 1.773923 
-4.802646 
 3.271816 
 4.22341 
 3.468968 
-5.183047 
-6.256364 
 4.572716 
 6.338784 
 1.567676 
 5.692445 
-.3668538 
 6.381882 
 9.554129 
-1.121147 
 2.473004 
 .2254048 
-7.607506 
 4.889153 
-6.000837 
-7.136241 
 1.062169 
 3.524305 
 5.02486 
 1.891045 
 2.936973 
-2.070288 
 4.758 
 3.378806 
 .5847313 
 4.089612 
-5.187279 
-2.774403 
-3.138299 
-5.170521 
-5.530984 
-7.568099 
 3.711683 
 9.258088 
 1.584157 
 4.972324 
-6.32584 
 2.400469 
 4.674881 
-5.541365 
-.6498265 
-7.932066 
-3.194582 
 1.810433 
 3.658733 
-4.919588 
-8.940104 
-2.974971 
 2.446862 
 6.815803 
 4.997805 
-.8268815 
-4.607593 
-5.559269 
 4.52943 
 7.420877 
 1.844094 
 .4432791 
 1.991514 
 2.245605 
 5.227576 
-1.844444 
-3.496238 
-1.968077 
-7.766541E-02 
-2.882308 
-.9903106 
-3.814047 
-6.223334 
-9.029232 
-5.750586 
 3.801431 
 3.13631 
 5.192485 
 4.475019 
 7.430151 
 4.758444 
 4.125346 
-2.661903 
-1.156925 
 6.754556 
 4.10387 
-4.758996 
 4.425106 
-6.094071 
 2.896069 
-1.364887 
-6.801837 
 1.52958 
 3.78681 
 9.383942 
 1.187082 
 1.442815 
-.5006221 
-3.822534 
-4.235794 
 2.642416 
-3.252345 
-8.327976 
-.7275937 
-5.706132 
-5.98911 
-1.342515 
-8.478013 
 1.453435 
-.2357983 
-4.828873 
-4.452713 
-8.699438 
-9.784309 
-10.36725 
 3.615908 
-6.291117 
 5.720264 
-6.085351 
-4.615733 
-6.147548 
-2.226796 
 1.849959 
-5.379795 
 4.955581 
-1.541783E-02 
-5.46497 
-8.591916 
 3.572852 
-2.980824 
-.4572395 
 .3634271 
-5.360357 
 3.100464 
 9.131529 
-4.35358 
-8.213037 
 2.742216 
 5.3528 
-.9222114 
 2.050757 
-4.844651 
 6.331457 
-.7986506 
-7.139333 
 4.306323 
 7.388884 
 4.127484 
 4.441608 
 9.083353 
-1.34791 
-7.750007 
 4.30435 
 7.051846 
-2.876033 
 2.607985 
 3.569205 
 3.150118 
-6.813875 
 5.400907 
 8.294283 
-1.665212 
-.656824 
 5.909769 
 1.102688 
 8.451553 
-1.721153 
 5.500002 
-4.674058 
-3.940009 
-2.187107 
 1.198756 
 7.513696 
 9.072454 
 9.411464 
-2.575214 
 5.231476 
 4.648265 
-5.297848 
-4.873648 
-1.087923 
 1.788084 
 3.917831 
-2.161762 
-3.996025 
-2.736518 
-3.331174 
 1.160507 
 2.945901 
-.7679941 
-.7293521 
-3.27351 
 3.183209 
 8.130409 
 3.736494 
-4.905478 
-5.53731 
 4.41903 
 3.959974 
-1.182496 
-2.215218 
-3.281366 
 6.38588 
 4.095584 
-2.139703 
 2.85855 
 6.768523 
-4.420363 
-2.334314E-02 
 7.121643 
-3.935613 
 3.746929 
-3.389612 
 6.994107 
-.7123704 
-2.973294 
-.6479262 
 3.267942 
 2.015161 
 3.553732 
 1.744062 
 4.66999 
 .1966452 
-1.353027 
 1.525795 
 6.661341 
-3.361026 
-8.127172 
-6.815827 
-2.529518 
-5.995103 
 2.545563 
-5.948843 
-4.60032 
 1.990093 
-5.19193 
-3.99186 
 .7789234 
 4.696282 
 .2977075 
-1.846823 
-5.511534 
-3.799536 
 5.121505 
 .2517551 
-6.633878 
 5.841923 
 1.217137 
 4.221836 
-2.232046 
-5.357082 
 .2344298 
 7.61906 
 6.083602 
 6.475203 
 2.793394 
 3.178817 
 2.573287 
 3.847537 
 .9872541 
-6.827176 
 3.157683 
 4.618917 
 .2424416 
-2.261045 
 5.186609 
-4.507242 
 5.985216 
 6.864986 
 4.928013 
 2.336501 
-.4574894 
-1.56526 
-8.625965 
-6.660451 
-4.900178 
 2.873214 
 8.252995 
 4.59821 
 8.887737 
-3.682427 
 1.205142 
 4.154151 
-2.827368 
 .5113057 
-2.486705 
-1.711211 
 7.374597 
 10.12093 
 5.196424 
 2.296203 
-4.943089 
-3.666844 
 6.245049 
-3.369001 
 .2351497 
-2.270481 
-1.5378 
 .993077 
 5.873668 
-1.797586 
 5.420842 
-5.033389 
-3.607766 
 4.370753 
 7.615222 
-2.698425 
 5.993046 
 9.273546 
 4.630315 
-4.785308 
 165 
 1.75 
 50 
