 651.5736 
 465.0222 
 342.9256 
 247.8861 
 172.8221 
 127.826 
 89.84167 
 52.83818 
 29.33188 
 13.33424 
 3.062041 
-11.73267 
-28.57068 
-31.89833 
-24.93703 
-2.032178 
 9.173151 
 19.18405 
 19.76392 
 20.03115 
 21.34392 
 17.5054 
 11.55316 
 12.99016 
 6.137842 
-.4723486 
-8.4494 
-16.85297 
-15.624 
-26.68893 
-38.82689 
-35.09462 
-27.17974 
-23.24556 
-9.835383 
-6.27661 
 2.194553 
 8.805949 
 15.95995 
 18.07422 
 10.03549 
 11.84268 
 18.39723 
 21.81845 
 17.84219 
 10.15641 
 3.342026 
-7.679406 
-14.41169 
-16.71762 
-23.32923 
-17.39045 
-6.021592 
-.9112107 
 .3935124 
-5.242759 
-.3516433 
 8.277767 
 13.96561 
 25.7189 
 23.60122 
 12.5816 
 16.02411 
 16.63921 
 11.27108 
 .8711294 
-7.417442 
-21.17513 
-35.48317 
-44.00767 
-44.07454 
-44.70932 
-36.98259 
-34.63238 
-31.0015 
-33.67631 
-26.9773 
-18.37336 
-14.72172 
-12.97648 
-1.685361 
 4.206578 
 8.036185 
 8.159307 
 4.452396 
-.1999752 
-18.54252 
-24.88658 
-33.21127 
-30.96079 
-29.40927 
-33.41159 
-34.14036 
-29.19379 
-6.920905 
 6.993409 
 13.85286 
 16.22611 
 13.78869 
 .3579161 
 6.98886 
 9.994736 
 13.85045 
-1.556809 
-9.215658 
-7.060118 
-7.708911 
-6.710742 
 .329919 
 3.058574 
 4.758481 
 1.527663 
 5.676481 
 15.29009 
 9.87031 
 9.609323 
 20.40569 
 28.41744 
 32.57594 
 32.66088 
 12.71693 
 2.479367 
 5.506177 
 7.468807 
 4.858039 
-1.159276 
-7.856123 
-12.97092 
-20.81884 
-22.40654 
-21.19188 
-30.15757 
-35.16677 
-30.68081 
-8.69594 
-2.13898 
 2.401239 
 1.982789 
 7.00496 
 6.955667 
 1.18908 
 12.1165 
 24.2926 
 20.45067 
 22.76082 
 18.97878 
 .6668255 
-17.84193 
-36.28433 
-55.32269 
-63.20529 
-69.1001 
-76.00781 
-75.31618 
-71.88725 
-63.66624 
-51.84007 
-43.08477 
-29.36599 
-7.529662 
 .6034545 
 19.05938 
 24.04683 
 18.25951 
 24.80772 
 20.20386 
 5.400138 
-1.829221 
-6.686657 
-3.506385 
-6.934765 
-14.39114 
-20.23779 
-11.94212 
-11.3639 
-11.99621 
-3.602796 
 4.122185 
 12.20336 
 22.37852 
 50 
 180 
