 3.34771 
 8.335583 
-10.82776 
-22.18128 
 6.672294 
-34.13931 
-2.125859 
 22.0173 
 30.12893 
-15.22682 
-15.5631 
 18.0134 
 33.87562 
 12.61917 
 45.25905 
 59.23471 
 5.831729 
 41.14408 
 17.44283 
 14.98783 
 31.73348 
-13.06065 
-3.727841E-02 
-2.301605 
-17.12485 
-1.683488 
 9.874226 
-12.17169 
-24.91242 
 9.089708 
 30.31983 
 26.63873 
 56.01125 
 69.61861 
 26.303 
 35.21212 
 62.2331 
 22.54291 
 19.90347 
-15.89397 
 29.71568 
 33.14983 
-15.10962 
-2.690641 
-32.73094 
-52.24848 
-11.84096 
-26.39228 
-53.66582 
-52.13025 
-45.26019 
-47.37181 
 1.654392 
 36.05357 
 14.96516 
-6.785556 
-30.10413 
-45.75673 
-19.30952 
-21.26488 
-21.90697 
 1.102659 
-13.88725 
 .8654869 
-22.73751 
-39.45314 
-20.02075 
-47.10523 
-35.19068 
 6.708421 
-15.94985 
 11.21679 
-2.773847 
-18.11126 
 20.70771 
 23.20225 
 25.43888 
 11.87258 
-22.41396 
-9.097757 
 8.848203 
 37.52759 
 50.60744 
-2.937338 
 3.386861 
 35.26097 
 17.98487 
 26.75241 
 18.66127 
 14.43976 
 7.579712 
-5.596474 
-10.48191 
-24.66648 
-50.91204 
-53.96727 
 .1854777 
-36.31752 
-33.17599 
-33.58951 
-24.26635 
-44.21382 
-32.21202 
-41.73539 
-18.92971 
-10.99487 
-35.22016 
 10.22511 
 17.30089 
 11.49607 
-.616075 
-30.41906 
 2.400944 
-2.37727 
 17.90128 
 18.97539 
 38.69056 
-11.41001 
-28.52913 
-51.47643 
-64.9852 
-57.28933 
-68.90804 
-86.55734 
-56.7659 
-28.64652 
-18.48755 
 11.22656 
-26.58521 
-41.55092 
-14.0947 
-14.3265 
-21.51571 
-42.09345 
-12.56423 
 23.49832 
 16.65366 
-20.76105 
 7.068614 
-3.37537 
-5.108746 
-4.017929 
-25.52283 
-30.08093 
-51.89435 
-28.1045 
-46.00452 
 1.563837 
-32.23597 
-26.18329 
-35.99216 
 4.182376 
 20.64111 
-4.696145 
 10.81445 
-11.83289 
-39.27064 
-62.29462 
-55.66516 
-16.10077 
-28.83302 
-40.91399 
-29.68524 
-40.23621 
-40.247 
-63.45945 
-44.70505 
-54.65791 
-9.726475 
-2.026758 
 17.15059 
 43.83882 
 15.73052 
 14.98078 
-21.78548 
-2.921835 
-9.180433 
 29.5881 
-10.9858 
 26.45331 
 26.58298 
 6.275676 
-22.07803 
-15.33885 
-32.20132 
 16.74803 
-18.97335 
-48.99504 
-44.5455 
-27.02079 
 13.26031 
 10.03216 
-.9938752 
 26.51771 
 42.70561 
 42.06333 
 46.26433 
 70.66781 
 35.78645 
 25.90623 
 12.38478 
 24.93194 
-7.61916 
-9.808955 
-2.794353 
 22.44828 
 17.67592 
 6.494016 
 5.698741 
-16.93647 
-1.421574 
-2.058275 
 12.52764 
 38.08663 
 15.10565 
-4.255225 
-17.92874 
-38.61296 
-23.29774 
-38.00428 
-19.44394 
-24.9025 
 11.742 
 4.729861 
-21.11666 
 .5920848 
 19.02934 
 21.05193 
 36.12813 
-1.904644 
 24.05441 
-6.899158 
 31.90223 
-12.74369 
-41.39528 
-4.194084 
-13.28066 
-12.10759 
-38.10525 
-55.36758 
-62.84994 
-78.30678 
-37.13361 
-25.06226 
-14.08874 
-32.95264 
-25.12 
 1.329318 
 19.16249 
 4.152613 
 34.38791 
 41.82808 
-3.564774 
 9.80191 
 23.53524 
-21.75229 
-18.64962 
-20.05289 
-31.20109 
 16.50517 
 33.03232 
 36.76402 
 18.53766 
 31.77904 
 4.562229 
-6.776937 
-8.891072 
 28.86879 
-10.78843 
 5.049093 
-8.536077 
-36.16817 
-48.24436 
-65.43745 
-49.80236 
 .5173469 
 1.06103 
-.7735767 
 35.85909 
 1.291366 
-7.594203 
-12.61649 
-25.25717 
-16.6075 
-39.80677 
-25.48986 
 18.02216 
 14.87275 
 41.47382 
 39.70921 
 22.71926 
 31.54668 
-11.88777 
 13.62046 
 24.73409 
 16.41958 
-15.13461 
-30.49044 
-33.50001 
-.679301 
-36.74617 
-23.15932 
 3.554334 
 24.47739 
 1.999695 
 38.59251 
 49.11903 
 46.88469 
 64.02168 
 73.1478 
 44.01293 
 2.689674 
 39.66478 
 50.14528 
 49.60977 
 26.85883 
-17.74482 
-35.67041 
-49.18062 
-32.30162 
-30.2057 
-52.01095 
-52.9165 
-25.57869 
 8.010948 
 3.332473 
-22.5699 
 15.99021 
-.1444166 
-13.62797 
 12.2213 
-14.30591 
-13.25265 
-29.49609 
 9.631788 
 13.79743 
-.9126275 
-8.847537 
 22.35887 
 21.06073 
 47.84725 
 33.40943 
 10.35544 
 37.07689 
 6.468606 
-12.97962 
-32.64379 
-33.2498 
-61.33326 
-22.56356 
 9.42137 
-12.67488 
 7.110057 
-3.281207 
 22.06108 
 33.08926 
 17.3534 
-20.26169 
-19.16956 
-25.17278 
-.6977839 
-16.03351 
 12.32655 
-19.65884 
-5.509838 
 31.32696 
 .1077011 
 35.01679 
-6.8027 
 34.33897 
 33.02012 
 30.34488 
 52.50668 
 41.55244 
 9.444891 
 36.23502 
-8.252253 
-8.623604 
 14.95807 
-10.0943 
-15.62611 
-18.31536 
-10.3972 
-25.37321 
-10.85908 
-30.63438 
-53.45568 
-5.345586 
-35.72654 
-12.47047 
 21.52551 
-7.764947 
 30.12831 
 46.43818 
 26.56434 
 18.40468 
 34.42189 
 49.62931 
 24.73436 
-5.471969 
-15.52298 
-16.39394 
-37.94565 
-16.03541 
-42.93873 
-51.96476 
-20.62187 
-15.30755 
-36.12074 
 13.55137 
 5.136362 
-35.40777 
-28.81273 
-36.22982 
-5.271197 
 25.40092 
 40.80134 
 1.932314 
-27.78658 
-55.58065 
-63.90464 
-53.08154 
-61.49711 
-5.489718 
 22.47378 
 19.66801 
 30.7708 
-6.889122 
-22.17273 
-50.863 
-8.249691 
 14.94009 
 31.44141 
 7.569453 
 2.062327 
 6.232682 
 27.94863 
 23.5225 
-6.743786 
-26.05651 
-27.27974 
-12.74968 
-21.49379 
-12.64222 
-14.99845 
-4.875427 
-38.8976 
-22.1383 
-38.57448 
 9.595204 
 38.30973 
 62.90329 
 68.4045 
 39.82221 
 52.6161 
 74.72593 
 32.49506 
-.8916359 
 16.79815 
-25.67144 
-28.40259 
-3.968743 
-33.85564 
-52.94685 
-52.03125 
-43.8501 
-26.38032 
-34.1478 
-39.86002 
-3.770264 
-19.10625 
-22.99074 
-23.60915 
 10.08088 
-1.559985 
 16.26839 
 22.84352 
 8.061121 
 41.09716 
 38.71585 
 27.95231 
-1.543614 
 6.939737 
 24.42144 
 12.996 
 40.79766 
 10.50932 
 21.37026 
 45.18408 
 13.50015 
 .2807469 
-36.46835 
-39.30097 
 11.09376 
 26.04617 
 22.9923 
 23.85586 
-1.52566 
 .7138656 
 23.67936 
 43.41496 
-2.516618 
 3.186854 
-3.922576 
-35.38676 
-26.85499 
-3.091871 
-3.275098 
-9.952418 
 27.7577 
 55.35472 
 43.8681 
 32.98701 
 32.51535 
-8.908091 
-28.65574 
-35.09183 
-60.95483 
-68.07202 
-52.94009 
-33.71416 
-20.20231 
 6.547313 
-32.69679 
-29.07183 
-54.36429 
-51.41003 
-27.6629 
-19.04337 
-6.709325 
-18.9015 
 18.74941 
 32.38041 
 27.22894 
 13.47912 
 28.07921 
-6.977382 
-37.59661 
-44.20539 
-9.735188 
 27.02785 
 4.646522 
 17.73668 
 34.52057 
-12.93485 
 15.68289 
 9.096359 
-16.35709 
-2.265829 
 30.01629 
 54.01507 
 47.97495 
-4.512399 
 11.81184 
 44.58497 
-8.367964 
 31.35386 
-12.26999 
-22.99675 
-8.515026 
 17.73557 
-24.65546 
-50.39537 
-28.48627 
-34.69171 
-30.98346 
-21.07823 
 2.816759 
-3.227673 
-16.3435 
-44.03723 
-36.42057 
-19.6232 
 5.980114 
 8.88902 
 17.26132 
 35.29508 
 17.12736 
 35.51239 
 41.36566 
 43.47315 
 48.11049 
 9.491276 
 29.68085 
-12.86804 
-26.62716 
 17.80383 
 35.77999 
 1.782915 
-22.24187 
-34.4445 
 10.14716 
-13.40125 
-27.90527 
-2.012675 
 10.49616 
 27.58722 
 38.23397 
 10.91844 
 33.81031 
 39.98775 
 58.23123 
 18.16503 
 3.069576 
 7.658687 
-5.514246 
-26.06422 
-10.82517 
 2.299503 
-27.1366 
-52.01664 
-24.38834 
 8.525005 
 15.04044 
 3.624882 
-21.65979 
-14.26411 
 26.92094 
 37.8698 
 15.9598 
 10.53564 
 11.53378 
 21.76463 
-21.05253 
-1.364129 
 29.90944 
 6.9775 
-24.37947 
-21.16355 
 6.804648 
-7.401389 
-11.8071 
 11.26172 
 1.967661 
 18.50887 
 12.71964 
-16.48271 
-27.39628 
-50.18579 
 3.572749 
-16.31044 
-2.113071 
-17.14559 
 15.82328 
-4.388789 
 20.28543 
-12.11126 
-22.87534 
-48.25384 
-32.72488 
-26.72082 
-11.48799 
-45.45586 
-44.72439 
-59.2108 
-54.09388 
-17.6428 
-4.23855 
 31.67485 
 45.36392 
 34.40933 
 32.32907 
-1.33019 
 31.98639 
 7.403818 
 13.82762 
 17.28596 
 32.72496 
 38.84816 
 41.17093 
 48.76818 
 14.90378 
 15.77965 
 12.33916 
 14.12767 
-6.979208 
-10.36895 
-18.28967 
 24.47781 
 16.78852 
 17.84361 
 9.599059 
-29.30679 
-28.02439 
-47.05126 
-19.79106 
-41.66977 
-51.98309 
-45.36402 
-63.26754 
-34.562 
-9.585206 
-13.08821 
-15.84734 
-23.94012 
-.8299942 
-23.86731 
-51.46739 
-4.467602 
-40.27145 
-30.38655 
-2.797922 
 16.49679 
 35.13309 
 .560164 
-.9645987 
 28.43688 
 44.24137 
 22.8074 
 13.62505 
-1.510164 
-19.52387 
 11.46274 
 10.49955 
 9.983982 
 16.73176 
-20.64473 
 3.594824 
-16.78716 
-45.36908 
-47.58149 
 3.214242 
-13.35642 
 2.028942 
-9.974585 
-16.84412 
-24.83244 
-39.02148 
-48.81223 
-39.37012 
-18.61661 
-34.22776 
-9.233104 
-.5895901 
 6.699455 
-28.75266 
-54.1173 
-63.09407 
-62.81341 
-51.48459 
-29.9825 
-38.76105 
-1.13358 
 28.25902 
 19.6848 
 4.589577 
-34.88032 
-41.67782 
-54.23436 
-25.672 
 18.42184 
-4.247889 
-23.06792 
 14.18254 
-20.27013 
-7.700223 
 2.739001 
 9.903688 
 21.42587 
 41.43116 
-3.50959 
-8.992528 
 19.73129 
-5.190631 
 11.03157 
-.790245 
 25.82309 
 11.75615 
 34.5822 
 1.388198 
 20.14875 
 44.73262 
 8.0734 
 44.37428 
 66.06267 
 73.64071 
 52.44015 
 49.1658 
 31.56591 
-3.491703 
 10.82223 
 16.5315 
 38.9053 
 15.80937 
-22.98012 
-13.50045 
-43.66202 
-38.70644 
-30.52338 
-37.34971 
 10.42242 
-32.79453 
-10.15882 
 1.107412 
 2.550142 
-35.1854 
-6.150761 
-19.5053 
 24.06395 
-1.346852 
-11.02132 
-20.93816 
-25.28848 
-37.77252 
-18.47042 
 2.143686 
-17.77835 
-6.163031 
 1.262913 
 38.49976 
 58.50168 
 19.81013 
 39.15976 
 47.98475 
 25.88081 
 29.09603 
 20.11818 
 14.5256 
-17.82317 
 25.76305 
-8.379014 
 2.181241 
 15.57426 
-20.09682 
-.8998265 
 17.53328 
 33.02392 
 16.66875 
-20.40931 
-12.39264 
-2.488634 
-36.28648 
-30.74316 
-50.89228 
-62.09537 
-56.98039 
-1.697883 
 4.257812 
-15.88412 
-17.23089 
-14.18601 
-43.95447 
-32.66454 
-27.75913 
 14.87398 
-9.390887 
-31.66449 
-20.53592 
-26.61102 
-17.39545 
-20.59403 
-33.13443 
-56.25896 
-27.13012 
-30.41867 
-17.94512 
 16.36756 
 3.531289 
 9.64377 
-2.868079 
-35.95992 
-53.77429 
-63.64597 
-71.11758 
-28.86755 
-40.29372 
-56.5296 
-74.52066 
-36.15821 
-1.494455E-02 
-1.020313 
 21.71507 
 51.32289 
 35.86585 
-8.476577 
 5.917247 
-8.934861 
-22.68942 
-.7083391 
-8.78017 
-15.02584 
-33.08786 
 7.024095 
-23.72285 
-23.41998 
-7.628101 
-2.171343 
 15.77692 
-19.30019 
-25.8747 
-55.56542 
-15.1691 
 20.86763 
-3.221788 
-23.30215 
 19.94758 
-11.84052 
-13.87665 
-19.95353 
-27.13461 
 18.7792 
 17.28968 
 13.44094 
-19.12344 
 19.11182 
-24.26555 
 7.32838 
 21.29026 
-5.990958 
 31.07339 
 17.78313 
 29.95111 
 12.44488 
-11.4647 
 1.365895 
 4.889962 
 .2685334 
 11.93974 
 28.54205 
-14.78578 
-35.3041 
-54.13847 
-71.2462 
-44.95206 
 3.293155 
-21.62791 
-26.96863 
 11.73127 
 4.955157 
-17.74627 
 15.68165 
-23.77586 
-43.77121 
 6.922002 
 28.95516 
 43.61436 
 67.73345 
 25.47886 
 31.883 
 32.41943 
 59.4101 
 34.24483 
-9.704357 
 25.03986 
-9.333309 
-24.64428 
-7.578876 
-16.08102 
-8.74124 
 26.13849 
 20.15514 
 49.42233 
 53.63113 
 29.38857 
 41.36734 
 34.52757 
 20.20389 
-20.32807 
-47.79897 
-41.87743 
-35.27055 
-35.27528 
-14.59986 
-36.16689 
-29.85108 
-47.714 
 3.936077 
-16.93606 
-46.05051 
-7.155533 
 9.991185 
-13.64065 
 13.58145 
 37.20619 
 62.09445 
 23.90622 
 15.01171 
 43.52293 
 62.39237 
 42.44855 
 60.10472 
 47.1328 
 27.39562 
 45.16675 
 48.91224 
 64.71951 
 17.5827 
 35.58316 
 37.83815 
 58.59633 
 65.96214 
 67.06798 
 68.17401 
 45.60362 
 51.52142 
 41.31856 
 3.490336 
-10.10427 
-8.060987 
 25.50727 
 44.92887 
 21.00222 
 51.46328 
 35.09359 
 62.54264 
 38.53735 
 49.42183 
 19.55889 
-17.63231 
 19.52974 
 19.0192 
 41.13094 
 51.71059 
 56.09434 
 71.69159 
 14.35001 
 37.72474 
 5.19094 
-12.31672 
-41.9187 
 3.968629 
 39.2947 
 6.789039 
 8.511497 
-6.039656 
-25.74174 
-39.9915 
-55.63984 
-29.63069 
-14.86749 
 16.26554 
-22.54293 
-38.00722 
-15.04764 
-14.26706 
-26.96179 
 7.494117 
-11.23406 
 29.27751 
 10.68973 
 30.31806 
 44.14305 
 38.30719 
 15.57421 
 18.64172 
 25.86321 
 24.3861 
-17.18923 
 16.41206 
-23.5665 
-42.00767 
-42.21975 
-33.97998 
-29.94523 
 6.42049 
-31.87454 
 9.60714 
-15.06026 
-44.77712 
-7.948129 
-42.70321 
-56.98634 
-25.63782 
-37.46716 
 .4489129 
-24.01465 
-37.67081 
-25.10314 
-8.589698 
 1.342399 
-30.99497 
 13.90497 
-1.06592 
-12.57359 
-44.00851 
 1.214071 
-1.143824 
-8.498403 
 27.70382 
-1.60349 
 3.814126 
-32.68653 
 3.280259 
-1.060974 
 2.593836 
-8.033841 
-32.65238 
-3.423681 
-25.01134 
-39.37006 
-40.38271 
-33.81181 
-5.124457 
-34.72002 
-28.51166 
 5.25376 
 7.738127 
 25.53655 
 .7086719 
-32.14917 
-11.02885 
-7.801959 
 8.898407 
-6.158227 
 6.374415 
-22.37074 
 17.12228 
 .4427059 
 25.0124 
-9.6678 
-5.600172 
-39.85416 
-6.916222 
 20.74399 
-3.125332 
-7.851936 
-3.977562 
-41.36026 
-14.33592 
 26.39349 
-15.31571 
 12.17806 
-27.7654 
 18.31804 
 50.08079 
 47.59177 
 47.21989 
 7.930879 
-17.90034 
 25.71931 
 31.88205 
 51.46515 
 5.8457 
-21.35177 
-30.82559 
-56.74176 
-51.68937 
-4.562559 
-25.56062 
-2.167167 
 23.10322 
-17.5738 
 13.71319 
 32.91087 
-1.398671 
-30.62469 
-9.96235 
-40.20012 
-17.28432 
-15.67873 
 23.11219 
-9.675947 
-21.72879 
-6.041455 
-24.31272 
-30.86963 
-52.642 
-74.22381 
-14.98857 
 5.38589 
-3.767516 
-6.12853 
-7.401731 
 22.542 
 7.465493 
 21.46007 
 4.81004 
-4.867308 
-23.14028 
-36.24503 
-57.7383 
-16.45259 
 12.11115 
-6.513442 
-10.68866 
 31.13044 
 35.35793 
 23.07265 
 42.2947 
 16.38292 
-14.58706 
 23.19827 
 16.04133 
 33.58908 
 31.59124 
 9.89488 
 43.84444 
 19.48296 
-.913357 
-21.22821 
 7.91895 
 35.35481 
-6.892617 
 27.93893 
 27.92249 
 49.44821 
 53.42033 
 23.41759 
 20.60127 
 40.27809 
 .6166582 
 24.88506 
 11.41093 
 11.87315 
-24.80604 
-50.00208 
-7.029055 
 31.40081 
-17.74062 
 1.145501 
 35.75713 
-6.276601 
-12.06727 
-8.206133 
 25.47795 
-9.405306 
 19.75045 
 24.7328 
-4.87628 
-37.45587 
 7.772653 
 3.366146 
 15.26281 
-23.75447 
-52.84964 
 .4255202 
-24.00889 
 14.16336 
 4.0289 
-23.01306 
-31.41059 
-1.68508 
 25.23207 
-3.027549 
-13.32838 
 20.02809 
 40.60508 
 20.39689 
 22.11065 
-8.54434 
 30.06637 
 1.068592 
-35.82555 
-36.77566 
-17.08216 
-21.98526 
-4.384464 
 14.86113 
 25.54099 
-7.623173 
-38.53782 
-44.77056 
-53.74677 
 .170373 
-27.23075 
-6.576665 
 26.31658 
-1.236142 
-19.24866 
 8.664516 
 25.258 
 7.923868 
-20.86515 
-7.572404 
-34.84856 
-40.87594 
-.1068521 
 11.40161 
 4.062609 
 7.842092 
-15.55277 
-47.46503 
-50.33203 
 .7931037 
-36.14925 
 2.985745 
-32.02074 
-4.263005 
-21.92118 
 17.15863 
-24.39531 
-8.162178 
-6.02043 
 24.73325 
 11.5045 
 33.7693 
 47.96822 
-.8373599 
 7.635949 
 6.340575 
 27.39322 
 12.89084 
 46.45061 
 3.255842 
 17.20436 
 26.97778 
 36.55991 
 24.70733 
 55.64891 
 65.10849 
 19.24936 
 28.10091 
 2.655412 
 32.03757 
 39.76004 
 18.98548 
-17.2332 
-.8514557 
-31.04989 
-6.819665 
-20.15459 
-45.81508 
-20.39663 
-11.19886 
-2.420217 
 24.05169 
 48.98282 
 10.038 
-19.13771 
 5.269688 
 27.43057 
 4.021356 
 30.59178 
 42.02734 
 19.3664 
 20.85092 
 4.819676 
 5.948148 
 2.513725 
 8.805342 
 27.32793 
 4.710217 
-14.43315 
 19.53243 
-6.18506 
-30.08899 
-46.02158 
-50.99795 
-60.13367 
-39.56343 
 7.412944 
-5.62268 
-20.10152 
-.194937 
-21.77698 
 .452495 
-13.80287 
-44.38792 
 5.074896 
-15.82027 
 2.77616 
 39.89775 
 16.50593 
 1.393052 
-1.437812 
 16.52263 
-8.07431 
 24.2168 
 37.64993 
 22.49376 
-13.04355 
-30.69322 
-39.73394 
 11.72449 
-31.49174 
-34.23131 
-6.918619 
-22.50699 
-29.71514 
-47.64762 
-46.13497 
-33.7925 
 8.805621 
-31.92935 
-.88289 
-34.83176 
-13.1404 
 4.734138 
 23.80916 
 7.94697 
 25.99171 
-7.931075 
 29.70211 
 5.873635 
-28.73057 
-33.7889 
-11.01253 
-34.77608 
 5.867454 
-23.70282 
-20.89797 
 18.66616 
 8.658805 
 43.8001 
 23.56897 
 37.46886 
 42.28331 
 6.321709 
-19.96901 
 .4565058 
 37.73949 
 45.83206 
 36.2814 
 16.41308 
-4.82707 
 18.59361 
-7.864037 
 10.97189 
 15.72885 
-13.71289 
 27.32792 
 42.29153 
 40.79424 
-5.399886 
-4.404758 
-33.44329 
-9.286766 
 14.66562 
 5.535206 
-34.39171 
-19.78991 
-5.115492 
 23.96921 
 .728661 
-16.12062 
-1.504779 
-11.84215 
-4.436481 
 7.292256 
 16.58182 
-16.13002 
 4.627469 
 37.25942 
 45.44722 
 65.23363 
 17.13605 
-1.66427 
 18.05457 
-6.805369 
 31.4651 
 55.77262 
 64.53122 
 75.47639 
 27.82244 
 54.65543 
 7.806907 
 30.28063 
 38.86978 
 60.4658 
 38.00021 
 59.01773 
 14.96672 
 12.05103 
-.296927 
 8.384815 
-30.22734 
-31.22618 
-3.374713 
-36.23933 
-44.60259 
-64.05306 
-17.5796 
-37.23127 
-4.567476 
 32.35985 
 43.50755 
 27.47388 
 33.57318 
 6.009559 
-27.1092 
-29.3407 
-39.71143 
-31.7776 
-35.48211 
-13.72703 
-16.12314 
 14.93567 
 6.174138 
 7.840779E-02 
 9.777985 
 19.80265 
 51.91033 
-1.32015 
 4.785565 
-30.83659 
-11.12618 
-33.665 
-22.99609 
-20.29396 
 23.62133 
 22.08671 
 34.22173 
 6.439456 
 36.55342 
 51.56732 
 21.44314 
 44.41504 
 31.40116 
-.151489 
 31.58825 
 20.29315 
 52.08495 
-1.523445 
 37.64844 
 52.46728 
 19.06911 
-8.347275 
-8.447009 
 9.20662 
-11.10494 
 29.12829 
-5.817278 
 8.987694 
-28.98418 
 10.57719 
-28.42393 
-19.61536 
-15.78762 
-41.55925 
-59.13854 
-50.67738 
-70.09274 
-12.22258 
 27.22943 
 21.94139 
-24.00753 
-5.7611 
 15.07682 
 .8665916 
 6.103567 
-22.0334 
-1.047776 
-23.63246 
-8.425513 
 21.0949 
 17.14166 
 47.83023 
 22.05596 
 25.83369 
-10.03552 
 13.29349 
 25.69386 
 46.30843 
 55.95062 
 51.05245 
 17.95174 
 10.46608 
 15.43648 
-22.1174 
-43.33833 
 6.312595 
-16.40085 
 18.29431 
 17.34449 
-11.85112 
 21.2966 
-8.456779 
-19.85067 
-48.13795 
-36.06612 
-38.38923 
-17.37726 
-23.12798 
 17.5058 
 28.3122 
-15.38961 
-21.56563 
-23.2302 
-10.26574 
-27.22739 
 15.28561 
 2.43445 
-15.20895 
 23.27223 
 30.75493 
 54.38242 
 35.23115 
 11.11172 
 32.44237 
-11.51367 
-37.35203 
-8.418315 
-28.27188 
-29.51797 
 .616473 
-22.90438 
-28.10197 
-36.4357 
-26.14071 
 17.52481 
 22.85986 
 40.61778 
 24.78871 
 4.3374 
 32.63736 
 29.24445 
 7.162661 
 10.09103 
-29.4671 
 10.65572 
 2.108133 
 6.573917 
-21.90421 
-38.23296 
-17.60141 
-46.35294 
 6.896128 
 36.75837 
 53.71066 
 63.29174 
 78.19069 
 44.61837 
 58.94338 
 32.07257 
 20.03835 
 41.72535 
 53.62243 
 46.73471 
 25.91168 
-9.006117 
 8.98693 
-22.31955 
-52.80007 
-50.05698 
-27.48484 
-31.92069 
-8.600824 
-3.445457 
-19.65979 
-35.4742 
-28.64361 
-24.96202 
-27.83454 
 18.1498 
-1.94002 
-12.16262 
 28.78385 
 2.782073 
-15.89316 
-30.66266 
-7.392972 
-4.077329 
 30.35518 
 15.7185 
 17.38399 
-2.169454 
-25.59285 
-48.50308 
-7.974281 
-9.462687 
-10.87897 
-19.63933 
-48.47887 
 3.66614 
 7.728928 
-13.0041 
-10.89784 
-20.41256 
 12.66177 
 23.58104 
 45.31951 
 7.557353 
-23.67276 
-16.94473 
-40.5709 
-53.68882 
-36.51345 
 .1299858 
 12.15685 
 28.41274 
-16.25113 
-30.75092 
-12.79809 
 28.64685 
 39.73785 
 1.37165 
 10.38825 
 19.65368 
 46.728 
 31.98819 
 24.63684 
 9.139044 
 6.458605 
 29.5501 
 51.18892 
 43.84 
 66.46692 
 18.12538 
 45.06598 
 65.51613 
 35.58656 
 62.89152 
 35.62403 
 40.49021 
 34.29206 
 15.22542 
 11.17162 
 27.47483 
 32.13341 
 23.90477 
-21.56026 
-1.212031 
 29.29708 
 5.94722 
 1.35244 
 32.88512 
 23.56213 
 13.71391 
-14.13506 
-3.382546 
-22.79713 
-14.01051 
 9.075323 
-29.4823 
-15.0383 
-14.73649 
-9.182882 
-25.81229 
-5.989491 
-18.10394 
-1.674689 
 23.93089 
 2.423663 
-16.57506 
-39.835 
-2.338965 
-13.9165 
-3.56814 
-22.12372 
-22.64405 
 14.65973 
-4.808589 
-24.49452 
-48.64477 
-47.7094 
 1.705397 
-37.29934 
 8.250003 
-19.80683 
-34.89645 
-14.51465 
-34.76878 
-13.57893 
-9.867891 
-27.22897 
-48.47577 
-18.71938 
-41.19473 
-54.1272 
-74.05135 
-75.71918 
-73.74493 
-52.47669 
-25.66651 
-1.841407 
-5.863071 
-18.1501 
 5.531096 
 41.25626 
 24.27591 
-7.087967 
 18.22935 
-12.58943 
-34.31546 
-12.78523 
-30.60766 
 4.952088 
 .1897138 
-31.01999 
-3.414304 
 21.88246 
 2.421291 
-23.87972 
-.127131 
 10.34879 
 36.99439 
 48.5961 
 11.66361 
 40.33635 
 53.15259 
 8.05805 
-24.80678 
-47.4478 
-51.04866 
-56.13053 
-71.91443 
-41.67944 
-30.32612 
-38.1616 
-18.50017 
-51.68526 
-38.5761 
-59.61975 
-37.77345 
-20.95039 
 16.36339 
 8.050296 
-14.95216 
 29.23512 
 5.711586 
 .6661308 
 34.08101 
 17.83665 
 33.48248 
-6.437712 
-23.54004 
 8.613814 
-27.51072 
-39.21557 
-61.38606 
-62.05899 
-51.14307 
-20.06502 
-8.518823 
 23.60138 
 37.05189 
 34.55722 
 42.24172 
 65.92238 
 26.91606 
 5.529564 
 12.87982 
 44.35395 
 64.34043 
 60.18662 
 29.23184 
-7.87961 
-2.49688 
-33.13216 
-38.383 
-38.30345 
 6.110057 
 30.02434 
-3.295782 
-34.1814 
-32.36085 
-1.28316 
 33.67686 
 32.78899 
 20.27214 
-3.527467 
-21.58962 
 4.011848 
 21.25939 
-12.62014 
 8.247685 
-22.02729 
-32.06178 
-22.8825 
-31.0757 
 8.501296 
 18.08077 
 23.38348 
 42.94173 
 15.89424 
 8.501911E-02 
 29.35821 
 45.26689 
 55.71566 
 64.93333 
 61.15353 
 43.11328 
 22.29222 
 28.13893 
-10.91138 
-26.60397 
 3.931371 
-31.99299 
-30.4595 
-57.0428 
-22.86769 
-18.28691 
 3.577332 
-2.931403 
-9.608129 
 16.32947 
 31.75855 
 26.99247 
 8.659972 
-25.02262 
-10.58167 
-12.18323 
-19.03159 
-2.404794 
 5.74562 
 5.77949 
 18.79908 
-21.3502 
-27.93296 
-5.257535 
 13.4701 
 33.93723 
 33.18977 
-11.08665 
 7.239822 
 36.85085 
 60.658 
 51.41653 
 39.25232 
 48.17982 
 13.34279 
 19.55427 
 14.0727 
 11.35915 
-2.44622 
-13.72977 
-24.34602 
-20.59011 
 11.93213 
-3.673598 
-33.94019 
-10.18837 
 4.557644 
 24.38118 
 11.163 
-27.32099 
-21.51092 
 8.060444 
 9.27019 
 6.414434 
 31.02531 
 22.04198 
 44.00931 
 19.75784 
-12.31697 
-36.30227 
-6.696237 
-34.37647 
-43.7333 
-61.76233 
-47.32011 
-44.20599 
-21.09155 
 10.72114 
 11.11151 
 43.33376 
 65.47731 
 48.50448 
 29.45788 
 29.51203 
 30.74091 
 .332078 
 29.01779 
 9.801732 
 10.85157 
-30.62218 
-46.68508 
-6.511768 
-9.194887 
 15.56071 
 7.371908 
-27.91622 
-38.47281 
-62.35443 
-60.03054 
-51.473 
-33.71175 
 .6672139 
-35.58027 
-8.602579 
 7.253259 
-16.13919 
-13.21791 
 12.28852 
 33.38358 
 52.45872 
 31.50802 
 3.507279 
-8.160359 
 16.4172 
 38.74551 
 .4118612 
-4.790802 
-16.96665 
-36.6107 
-12.58498 
-48.16758 
-12.47275 
-8.552308 
 20.71978 
 45.5989 
 43.92873 
 65.3485 
 19.80285 
-2.085885 
 28.16232 
 55.11583 
 55.82252 
 4.390684 
-7.280974 
-23.91917 
-51.65968 
-65.6338 
-24.9355 
-5.039513 
 26.7351 
-12.17477 
 24.56021 
 28.89058 
 41.33991 
 8.287666 
 17.05591 
 18.94206 
-20.50575 
-12.49259 
 14.09118 
 15.33727 
 40.84109 
 51.72681 
 50.03258 
 40.86765 
-5.174408 
-30.78876 
-10.27346 
-4.419441 
-24.48551 
 1.88578 
 12.96543 
 45.8908 
 21.21237 
-22.16729 
 11.08434 
 28.4612 
 21.57211 
-3.951964 
-18.84535 
-43.25002 
-15.56023 
 11.77386 
-27.55329 
 1.541269 
 35.25425 
 19.81346 
 36.42707 
 37.07042 
 1.176623 
-24.64744 
 8.319461 
 14.77866 
 10.30827 
 27.8079 
 16.24193 
 1.061191 
-10.32048 
-19.33463 
 7.541313 
 24.12094 
 25.3553 
 9.67372 
-24.00639 
-25.62195 
-39.91522 
-12.58765 
-16.88645 
-35.08105 
-15.09539 
 23.07487 
 11.93203 
 28.01107 
 54.40007 
 7.484038 
 6.127031 
-15.44386 
-34.90194 
-1.450439 
 29.98045 
-11.89716 
-11.94649 
 4.095574 
 3.69427 
 27.55681 
 49.08662 
 43.15728 
 49.00909 
 65.42663 
 54.10607 
 64.71082 
 26.85543 
-7.585992 
 18.30596 
-21.75732 
 11.35489 
-21.78198 
-43.88439 
-41.36298 
-45.69533 
-66.26511 
-32.15545 
 10.04592 
 42.88531 
 41.94223 
 42.93411 
 21.05181 
 4.816889 
 16.32117 
 38.68372 
 62.51097 
 53.81395 
 72.31395 
 67.57312 
 30.82163 
-8.881604 
 12.83886 
 7.034082 
-18.25994 
-36.61877 
-45.0922 
-8.888958 
 25.69477 
-.5099765 
-21.917 
-46.58776 
-32.30974 
-23.8899 
-31.72132 
-59.59882 
-57.90047 
-33.82393 
 3.266478 
-29.93753 
-57.77598 
-39.02385 
 4.89011 
 21.32072 
 41.97785 
 53.1116 
 38.25955 
 18.81119 
 39.24241 
 39.21047 
 6.191187 
 42.13868 
 15.72835 
 24.45532 
 41.79846 
 39.29226 
 7.35425 
 .2398438 
-8.496835 
 13.42039 
 37.72065 
 62.91027 
 44.28178 
 66.93517 
 42.65007 
 50.13451 
 69.95811 
 72.72935 
 70.68008 
 47.29575 
 7.209094 
-4.04023 
 35.29326 
 34.45612 
 22.41867 
-16.3756 
 17.77208 
-23.73246 
-22.77503 
-38.21109 
-55.77763 
-30.55972 
 14.78415 
-26.67935 
-50.4447 
-41.20207 
-15.02771 
 11.64121 
 10.16297 
-22.58195 
-24.64892 
-24.32692 
 18.828 
 12.44127 
 15.36619 
 34.40482 
 43.55715 
 11.93389 
-24.25365 
-20.84444 
-46.52263 
-61.64784 
-45.03798 
-9.422301 
-2.623558 
-35.61735 
-30.57914 
-16.51877 
-3.611291 
-28.94661 
 3.465572 
 16.24636 
 20.27418 
-16.36647 
-31.73118 
 10.41727 
 28.90622 
 16.49527 
 36.19936 
 13.9695 
 41.37617 
 63.58256 
 23.13888 
 31.07292 
 19.26435 
-22.30413 
 21.53851 
-22.08418 
-38.5508 
-9.592741 
 7.56252 
 22.59544 
 15.9192 
 22.05391 
 .7745321 
 27.21127 
 26.92544 
 16.13223 
 30.23435 
-10.21915 
-10.63061 
-17.36983 
-31.30484 
-39.37563 
-54.32693 
-7.851727 
 30.91917 
 12.37093 
 29.69168 
-17.75071 
 10.59086 
 25.36821 
-16.64704 
-4.610023 
-39.82345 
-29.20216 
-6.801371 
 8.809322 
-23.97768 
-50.63027 
-34.19806 
-7.907428 
 21.74432 
 26.55235 
 5.993311 
-15.8331 
-29.14735 
 10.76603 
 34.38875 
 19.75886 
 13.14504 
 18.33187 
 20.36125 
 35.53279 
 7.364091 
-7.554338 
-8.124907 
-2.548879 
-15.42707 
-10.50972 
-23.96961 
-39.8763 
-60.2876 
-54.36153 
-10.99588 
-.662313 
 18.05589 
 24.50311 
 44.71453 
 41.23219 
 40.85638 
 9.574448 
 6.78866 
 39.3681 
 35.48041 
-4.326709 
 27.09534 
-17.50579 
 12.67427 
-2.743034 
-31.67747 
-2.933464 
 12.83055 
 46.69063 
 21.92198 
 20.7764 
 10.19804 
-9.625914 
-19.79429 
 6.149949 
-16.04626 
-45.09939 
-20.6203 
-40.95842 
-47.65782 
-29.99786 
-59.87141 
-20.9104 
-19.44392 
-36.87936 
-39.04963 
-61.56215 
-75.10838 
-85.79561 
-26.1574 
-56.30998 
-2.270796 
-41.7431 
-40.97614 
-50.55017 
-36.03152 
-13.55995 
-39.20565 
 4.989543 
-6.042468 
-30.40354 
-52.67265 
-5.288939 
-25.04452 
-14.90962 
-8.426157 
-32.41123 
 1.173031 
 38.19514 
-10.19592 
-38.07204 
 .8419881 
 20.7003 
 .5132846 
 11.91962 
-18.18167 
 26.05432 
 3.157381 
-30.0142 
 12.1459 
 35.69405 
 31.63388 
 36.47932 
 61.5034 
 21.43986 
-18.30097 
 22.00403 
 41.39933 
 3.251817 
 20.40557 
 26.98185 
 27.98785 
-17.77694 
 25.77487 
 47.95525 
 11.43603 
 8.599101 
 35.72118 
 20.17152 
 52.93471 
 14.55209 
 40.2603 
-3.105575 
-11.8987 
-11.5178 
 1.42785 
 34.40847 
 53.92599 
 66.95348 
 19.00754 
 43.95092 
 44.43145 
-1.317545 
-13.79225 
-5.878542 
 6.260479 
 19.75903 
-3.2729 
-17.18861 
-17.93661 
-23.77169 
-5.599438 
 7.581401 
-3.777576 
-4.764638 
-17.65549 
 8.426118 
 38.65126 
 30.52102 
-7.979577 
-22.64464 
 15.01564 
 21.3132 
 2.447497 
-6.402662 
-16.00818 
 24.87384 
 25.42361 
 .6811869 
 18.25543 
 40.09669 
-4.495835 
 5.180198 
 37.70935 
-4.650472 
 22.02839 
-7.090659 
 34.57951 
 8.589741 
-6.370504 
-1.997426 
 15.30631 
 14.53601 
 23.71675 
 18.9209 
 32.79561 
 16.11889 
 5.129734 
 13.68598 
 38.80218 
-.2140141 
-32.20604 
-40.37944 
-28.63214 
-44.75126 
-9.365427 
-40.15816 
-39.99514 
-11.20111 
-36.83934 
-36.12292 
-15.27238 
 9.474515 
-.7272446 
-9.891445 
-29.90389 
-29.44871 
 9.922939 
-1.442685 
-33.06951 
 16.19073 
 6.380454 
 22.40543 
-2.23936 
-22.75074 
-5.290632 
 31.81308 
 37.6014 
 46.7438 
 35.26418 
 35.77234 
 32.52087 
 37.34585 
 24.84878 
-15.94697 
 16.5014 
 28.00372 
 12.88648 
-1.666901 
 27.81067 
-10.92395 
 29.12775 
 42.51031 
 41.50714 
 32.2326 
 17.14597 
 6.158263 
-33.35741 
-39.52147 
-39.55989 
-6.099192 
 29.07864 
 27.28412 
 53.45757 
 4.772937 
 16.44181 
 29.56019 
 .3647881 
 8.213233 
-6.724797 
-8.259321 
 32.2476 
 57.5767 
 47.59206 
 36.02504 
-1.27208 
-8.718359 
 30.3566 
-5.695958 
 3.468477 
-8.673798 
-9.301067 
 .8265459 
 26.57436 
-.3093309 
 29.02492 
-12.98045 
-16.9345 
 15.25275 
 38.94483 
 1.178479 
 34.60184 
 57.9902 
 46.86213 
 2.952455 
 165 
 7 
 50 
