 20.55319 
 19.62161 
 18.7627 
 17.93073 
 17.13476 
 16.48838 
 15.85933 
 15.19133 
 14.50105 
 13.80851 
 13.14279 
 12.59349 
 12.10283 
 11.60693 
 11.07705 
 10.52865 
 9.958213 
 9.452364 
 8.99319 
 8.541431 
 8.116912 
 7.635181 
 7.127534 
 6.622074 
 6.242076 
 5.91982 
 5.660362 
 5.416525 
 5.137956 
 4.806458 
 4.541107 
 4.32294 
 4.206505 
 3.97829 
 3.791574 
 3.554657 
 3.384544 
 3.208894 
 3.040732 
 2.88009 
 2.645855 
 2.413794 
 2.157868 
 1.913586 
 1.707149 
 1.600486 
 1.473075 
 1.340904 
 1.198649 
 .9608759 
 .7435421 
 .6724969 
 .7563632 
 .9413082 
 1.133267 
 1.263081 
 1.349723 
 1.466865 
 1.63399 
 1.832556 
 2.060886 
 2.199436 
 2.307757 
 2.443674 
 2.634089 
 2.772636 
 2.84218 
 2.943333 
 2.989796 
 2.976379 
 2.911083 
 2.796281 
 2.662331 
 2.569851 
 2.435934 
 2.331984 
 2.144961 
 1.938179 
 1.745569 
 1.54999 
 1.416027 
 1.288331 
 1.144061 
 .9764311 
 .8336338 
 .7324935 
 .6546708 
 .6033767 
 .5974364 
 .6469803 
 .6818081 
 .7459132 
 .8320484 
 .9004145 
 .8814659 
 .7933419 
 .772966 
 .7396112 
 .7082484 
 .7284466 
 .8000852 
 .8866522 
 .9462175 
 1.003698 
 .9729278 
 1.005109 
 .9713385 
 .8999751 
 .8123906 
 .7292782 
 .5888613 
 .4566379 
 .3797675 
 .2968955 
 .2647544 
 .2861527 
 .433758 
 .600875 
 .7239093 
 .810241 
 .9631706 
 1.151426 
 1.357469 
 1.664 
 1.856677 
 1.980913 
 2.058364 
 2.160639 
 2.253245 
 2.427101 
 2.648959 
 2.928348 
 3.253311 
 3.475996 
 3.59928 
 3.678245 
 3.708542 
 3.789832 
 3.863907 
 3.92147 
 3.983369 
 3.96076 
 3.885664 
 3.826131 
 3.796789 
 3.832772 
 3.9607 
 4.133799 
 4.256285 
 4.350814 
 4.411952 
 4.486803 
 4.632646 
 4.733891 
 4.767124 
 4.777944 
 4.726726 
 4.710023 
 4.619123 
 4.560972 
 4.661704 
 4.731745 
 4.830784 
 4.948334 
 5.102817 
 5.259723 
 5.376292 
 5.473804 
 5.502577 
 5.493936 
 5.463079 
 5.41812 
 5.360735 
 5.259297 
 5.12761 
 4.999381 
 4.941405 
 4.900865 
 4.77789 
 4.644017 
 3 
 180 
