-1.032794E-02 
-2.682994E-02 
-5.377175E-02 
-5.528217E-02 
-3.039003E-02 
-1.163726E-02 
-5.606655E-03 
-1.839699E-02 
-4.932336E-02 
-7.128443E-02 
-9.752577E-02 
-.1277689 
-.1454196 
-.1720677 
-.1905883 
-.2245869 
-.2747864 
-.3188836 
-.3846492 
-.4507201 
-.4924879 
-.546039 
-.5822533 
-.6239423 
-.6758377 
-.7030525 
-.7220989 
-.733438 
-.7482308 
-.78452 
-.8162414 
-.8361952 
-.8326844 
-.81073 
-.8154743 
-.8175402 
-.7965353 
-.7798208 
-.7536737 
-.7280121 
-.7022071 
-.679055 
-.6644956 
-.6554596 
-.6592054 
-.6871158 
-.7281402 
-.7415143 
-.7784626 
-.8202007 
-.8679693 
-.9147239 
-.9788379 
-1.042285 
-1.116998 
-1.182234 
-1.243019 
-1.320652 
-1.371673 
-1.412449 
-1.45142 
-1.494982 
-1.558535 
-1.604329 
-1.650685 
-1.681431 
-1.705673 
-1.710603 
-1.741482 
-1.787021 
-1.854272 
-1.940857 
-2.033768 
-2.143974 
-2.277975 
-2.405585 
-2.520363 
-2.62887 
-2.715708 
-2.822432 
-2.942395 
-3.048446 
-3.153311 
-3.262341 
-3.386761 
-3.495653 
-3.577129 
-3.653863 
-3.750172 
-3.828777 
-3.909724 
-3.989633 
-4.066855 
-4.157078 
-4.253199 
-4.367891 
-4.473442 
-4.593158 
-4.684993 
-4.795303 
-4.904531 
-5.022073 
-5.114738 
-5.189927 
-5.274373 
-5.345785 
-5.427428 
-5.528144 
-5.650589 
-5.778083 
-5.884787 
-5.998353 
-6.12196 
-6.241828 
-6.370445 
-6.502808 
-6.655015 
-6.802433 
-6.960352 
-7.092274 
-7.214085 
-7.316927 
-7.39184 
-7.4724 
-7.54679 
-7.640558 
-7.722716 
-7.805906 
-7.85986 
-7.931868 
-7.976973 
-8.012607 
-8.054002 
-8.111879 
-8.167585 
-8.23548 
-8.272675 
-8.327466 
-8.404904 
-8.48693 
-8.562286 
-8.610547 
-8.653621 
-8.69889 
-8.722076 
-8.724977 
-8.71663 
-8.694652 
-8.644352 
-8.602645 
-8.560753 
-8.523206 
-8.474381 
-8.442965 
-8.415063 
-8.383974 
-8.334891 
-8.283382 
-8.235754 
-8.187426 
-8.153872 
-8.113173 
-8.072652 
-8.021822 
-7.949697 
-7.885253 
-7.832012 
-7.790185 
-7.767274 
-7.741889 
-7.73094 
-7.71417 
-7.703892 
-7.671775 
-7.640317 
-7.625285 
-7.599107 
-7.558635 
-7.511626 
-7.449044 
-7.405425 
-7.344746 
-7.30075 
-7.231544 
-7.186803 
-7.166056 
-7.128426 
-7.097126 
-7.067365 
-7.057995 
-7.068645 
-7.095523 
-7.145049 
-7.17994 
-7.210601 
-7.235614 
-7.274043 
-7.311689 
-7.333286 
-7.338971 
-7.348615 
-7.334414 
-7.305698 
-7.298998 
-7.283688 
-7.255715 
-7.253748 
-7.254211 
-7.258634 
-7.273857 
-7.26057 
-7.229647 
-7.187459 
-7.149638 
-7.098661 
-7.060036 
-7.029048 
-7.001257 
-6.948489 
-6.916699 
-6.876484 
-6.844469 
-6.833784 
-6.83936 
-6.866635 
-6.895469 
-6.8969 
-6.894643 
-6.891422 
-6.860987 
-6.845608 
-6.835995 
-6.831057 
-6.836934 
-6.841127 
-6.863706 
-6.883343 
-6.875515 
-6.863424 
-6.827886 
-6.783429 
-6.742192 
-6.690257 
-6.66246 
-6.620122 
-6.56673 
-6.513789 
-6.480055 
-6.461222 
-6.451233 
-6.424664 
-6.42232 
-6.41781 
-6.398072 
-6.361161 
-6.333695 
-6.279848 
-6.209651 
-6.130708 
-6.030643 
-5.911705 
-5.799685 
-5.710518 
-5.597919 
-5.471209 
-5.336373 
-5.209857 
-5.112599 
-5.035442 
-4.978007 
-4.920755 
-4.869384 
-4.840201 
-4.823227 
-4.79796 
-4.753333 
-4.709203 
-4.682596 
-4.634082 
-4.593075 
-4.562066 
-4.51621 
-4.486305 
-4.459317 
-4.446749 
-4.412909 
-4.37314 
-4.340583 
-4.314206 
-4.267964 
-4.21753 
-4.144059 
-4.070993 
-4.008597 
-3.92702 
-3.860302 
-3.807994 
-3.774123 
-3.748916 
-3.751037 
-3.739061 
-3.707992 
-3.689272 
-3.659239 
-3.6346 
-3.59287 
-3.538388 
-3.48824 
-3.462058 
-3.440879 
-3.428472 
-3.404202 
-3.39029 
-3.359722 
-3.348519 
-3.331889 
-3.290048 
-3.262898 
-3.211751 
-3.182658 
-3.127209 
-3.065477 
-2.999531 
-2.912831 
-2.823996 
-2.751209 
-2.660245 
-2.594772 
-2.534072 
-2.460385 
-2.402345 
-2.352206 
-2.308722 
-2.264606 
-2.233953 
-2.199307 
-2.181191 
-2.186315 
-2.169151 
-2.173405 
-2.168746 
-2.141819 
-2.130004 
-2.093418 
-2.038488 
-1.988001 
-1.939047 
-1.876352 
-1.796743 
-1.725566 
-1.672859 
-1.630918 
-1.594655 
-1.578216 
-1.555373 
-1.554894 
-1.570324 
-1.574425 
-1.577855 
-1.598281 
-1.590814 
-1.584829 
-1.605946 
-1.630203 
-1.665035 
-1.684655 
-1.681888 
-1.661198 
-1.658534 
-1.677108 
-1.721701 
-1.783781 
-1.850427 
-1.931884 
-1.984247 
-2.014256 
-2.03852 
-2.04908 
-2.078425 
-2.119806 
-2.185467 
-2.230774 
-2.258759 
-2.269498 
-2.288669 
-2.309527 
-2.326299 
-2.325472 
-2.320704 
-2.331901 
-2.358374 
-2.391042 
-2.418252 
-2.452751 
-2.484213 
-2.518361 
-2.54701 
-2.599032 
-2.646411 
-2.708004 
-2.74186 
-2.750412 
-2.731133 
-2.693241 
-2.660916 
-2.61226 
-2.537648 
-2.477995 
-2.437484 
-2.387001 
-2.364057 
-2.350162 
-2.325645 
-2.322789 
-2.340996 
-2.369713 
-2.402682 
-2.430976 
-2.46835 
-2.515374 
-2.543622 
-2.581002 
-2.623604 
-2.669882 
-2.695537 
-2.72488 
-2.740505 
-2.746421 
-2.756771 
-2.741555 
-2.718259 
-2.694235 
-2.685585 
-2.672122 
-2.644889 
-2.620331 
-2.573779 
-2.540007 
-2.497533 
-2.434397 
-2.384643 
-2.34313 
-2.329054 
-2.326213 
-2.296425 
-2.252717 
-2.205412 
-2.153263 
-2.114961 
-2.076923 
-2.023476 
-1.951577 
-1.903747 
-1.85465 
-1.81128 
-1.792255 
-1.77611 
-1.749172 
-1.722725 
-1.701829 
-1.656777 
-1.586111 
-1.512188 
-1.438381 
-1.360141 
-1.306489 
-1.271485 
-1.249146 
-1.25364 
-1.276836 
-1.30349 
-1.326451 
-1.345272 
-1.34785 
-1.375188 
-1.406633 
-1.461099 
-1.524017 
-1.579136 
-1.631361 
-1.676444 
-1.729234 
-1.757667 
-1.770095 
-1.777649 
-1.788392 
-1.785705 
-1.801258 
-1.840188 
-1.891713 
-1.927163 
-1.936421 
-1.953524 
-1.959629 
-1.949171 
-1.96415 
-1.962155 
-1.960745 
-1.975111 
-1.983067 
-1.967952 
-1.928448 
-1.881305 
-1.861833 
-1.833679 
-1.780477 
-1.755427 
-1.705863 
-1.680833 
-1.66756 
-1.649823 
-1.61538 
-1.606875 
-1.622761 
-1.634336 
-1.655422 
-1.680382 
-1.703732 
-1.713245 
-1.724837 
-1.745506 
-1.788617 
-1.835126 
-1.87591 
-1.900669 
-1.91992 
-1.929894 
-1.922305 
-1.91913 
-1.899366 
-1.867677 
-1.825938 
-1.772393 
-1.736968 
-1.687219 
-1.662221 
-1.651466 
-1.615973 
-1.563643 
-1.527946 
-1.510339 
-1.507401 
-1.480895 
-1.468193 
-1.468982 
-1.457685 
-1.437383 
-1.402413 
-1.353983 
-1.317227 
-1.263469 
-1.199028 
-1.114501 
-1.047471 
-.9901056 
-.9313032 
-.881974 
-.8501563 
-.8147706 
-.7731265 
-.7523516 
-.7561466 
-.752315 
-.7298594 
-.7001823 
-.6753613 
-.6683179 
-.6615993 
-.6289695 
-.5823829 
-.5436057 
-.5067048 
-.4682059 
-.4211931 
-.4008347 
-.3728798 
-.3237358 
-.284734 
-.2678375 
-.2554732 
-.2285084 
-.2100811 
-.1969856 
-.1706415 
-.1485187 
-.1149445 
-8.196202E-02 
-6.785633E-02 
-.0663379 
-.0875149 
-8.175586E-02 
-8.803322E-02 
-8.762455E-02 
-9.782887E-02 
-8.836965E-02 
-.0891111 
-7.359318E-02 
-7.639481E-02 
-9.007975E-02 
-.1268079 
-.1627994 
-.2002945 
-.2312816 
-.2871087 
-.3512236 
-.4333982 
-.5225814 
-.5947716 
-.6577401 
-.6932783 
-.7096475 
-.7224332 
-.7288363 
-.7519206 
-.7521086 
-.7621063 
-.7661452 
-.7645763 
-.748242 
-.7204396 
-.6830381 
-.6322967 
-.5962053 
-.5583255 
-.5209471 
-.480982 
-.4540869 
-.4325137 
-.4196978 
-.3812605 
-.3428509 
-.3009526 
-.2621459 
-.2501218 
-.2451148 
-.2601017 
-.2661327 
-.2909765 
-.3316183 
-.3778462 
-.4448521 
-.5034715 
-.5491605 
-.5967215 
-.6471171 
-.7049125 
-.7498491 
-.8090769 
-.8914542 
-.9500446 
-1.031816 
-1.113258 
-1.178973 
-1.228517 
-1.258657 
-1.303611 
-1.348711 
-1.372019 
-1.376349 
-1.385204 
-1.39559 
-1.413699 
-1.444771 
-1.457791 
-1.467714 
-1.474961 
-1.474752 
-1.496879 
-1.506478 
-1.528792 
-1.574449 
-1.630805 
-1.659901 
-1.697322 
-1.725206 
-1.759436 
-1.799463 
-1.847476 
-1.909385 
-1.984905 
-2.062045 
-2.13007 
-2.209884 
-2.276709 
-2.336195 
-2.387838 
-2.460634 
-2.555822 
-2.666764 
-2.787872 
-2.910448 
-3.024257 
-3.145804 
-3.244706 
-3.318221 
-3.387475 
-3.460216 
-3.557459 
-3.664841 
-3.786877 
-3.896631 
-3.975991 
-4.062581 
-4.160082 
-4.233129 
-4.323549 
-4.406647 
-4.480581 
-4.545427 
-4.596844 
-4.626642 
-4.676766 
-4.730309 
-4.763638 
-4.807798 
-4.839932 
-4.875885 
-4.891474 
-4.909346 
-4.907293 
-4.919789 
-4.918272 
-4.89393 
-4.884855 
-4.848623 
-4.786939 
-4.705742 
-4.62476 
-4.536966 
-4.453244 
-4.38997 
-4.319844 
-4.244748 
-4.151594 
-4.067652 
-4.00992 
-3.952782 
-3.921008 
-3.896271 
-3.87418 
-3.863077 
-3.825831 
-3.815683 
-3.796854 
-3.77158 
-3.744488 
-3.743305 
-3.72952 
-3.725626 
-3.694697 
-3.675431 
-3.66344 
-3.660878 
-3.665699 
-3.684183 
-3.696313 
-3.696261 
-3.708223 
-3.714978 
-3.716592 
-3.690492 
-3.640752 
-3.605492 
-3.553541 
-3.487603 
-3.42799 
-3.362325 
-3.298279 
-3.235551 
-3.194177 
-3.127621 
-3.08011 
-3.028477 
-2.967799 
-2.929763 
-2.883983 
-2.82591 
-2.753613 
-2.68666 
-2.64406 
-2.602212 
-2.556985 
-2.536767 
-2.521456 
-2.527066 
-2.551459 
-2.584822 
-2.589759 
-2.58832 
-2.598778 
-2.61302 
-2.627984 
-2.665984 
-2.704652 
-2.745099 
-2.759389 
-2.785186 
-2.82761 
-2.867907 
-2.915048 
-2.95953 
-3.007817 
-3.067314 
-3.148229 
-3.218412 
-3.293339 
-3.362885 
-3.408784 
-3.456902 
-3.497749 
-3.543266 
-3.611073 
-3.697637 
-3.800392 
-3.918893 
-4.018876 
-4.128071 
-4.253113 
-4.398801 
-4.528789 
-4.635172 
-4.736583 
-4.817604 
-4.868762 
-4.916126 
-4.984863 
-5.04375 
-5.109303 
-5.184109 
-5.245674 
-5.309795 
-5.377355 
-5.458068 
-5.514714 
-5.587779 
-5.663018 
-5.72897 
-5.789177 
-5.833896 
-5.896855 
-5.966434 
-6.059842 
-6.133772 
-6.181193 
-6.237034 
-6.305069 
-6.345005 
-6.399608 
-6.455918 
-6.516866 
-6.584382 
-6.622303 
-6.653488 
-6.681006 
-6.726513 
-6.747489 
-6.792285 
-6.818385 
-6.830358 
-6.854703 
-6.852722 
-6.851289 
-6.836268 
-6.826017 
-6.829458 
-6.825835 
-6.818185 
-6.811536 
-6.795562 
-6.764129 
-6.756182 
-6.765977 
-6.796125 
-6.848711 
-6.895917 
-6.9153 
-6.947811 
-6.986445 
-7.00115 
-7.015127 
-7.042049 
-7.047609 
-7.075329 
-7.121007 
-7.138473 
-7.135705 
-7.113873 
-7.064029 
-7.028599 
-6.983905 
-6.93224 
-6.854897 
-6.782843 
-6.735927 
-6.668308 
-6.619894 
-6.585392 
-6.544694 
-6.511314 
-6.476059 
-6.417606 
-6.357061 
-6.271814 
-6.173318 
-6.081729 
-5.977583 
-5.871277 
-5.769966 
-5.695457 
-5.647361 
-5.607092 
-5.571528 
-5.543315 
-5.507656 
-5.489557 
-5.474529 
-5.477751 
-5.453975 
-5.442207 
-5.453955 
-5.447566 
-5.428773 
-5.423096 
-5.400592 
-5.357372 
-5.287818 
-5.23185 
-5.17854 
-5.103112 
-5.005674 
-4.910117 
-4.795296 
-4.678929 
-4.569338 
-4.444538 
-4.310082 
-4.157012 
-4.026648 
-3.884276 
-3.736175 
-3.568952 
-3.387631 
-3.195726 
-2.993651 
-2.798361 
-2.595194 
-2.393932 
-2.216527 
-2.054242 
-1.898081 
-1.724481 
-1.535524 
-1.358161 
-1.160174 
-.9675918 
-.7538832 
-.5492118 
-.3351063 
-.1377236 
 3.077403E-02 
 .2151794 
 .3984885 
 .5962032 
 .8050059 
 1.02224 
 1.256188 
 1.458341 
 1.672124 
 1.864387 
 2.038288 
 2.182131 
 2.343466 
 2.52641 
 2.690446 
 2.851339 
 2.998344 
 3.124705 
 3.23035 
 3.311922 
 3.396219 
 3.482112 
 3.584414 
 3.66041 
 3.717012 
 3.778593 
 3.835465 
 3.878162 
 3.937168 
 3.983079 
 4.052911 
 4.114261 
 4.189028 
 4.277583 
 4.368627 
 4.448259 
 4.52939 
 4.61609 
 4.703923 
 4.764044 
 4.840159 
 4.88889 
 4.916096 
 4.931439 
 4.941841 
 4.946771 
 4.970167 
 4.967546 
 4.985853 
 4.988372 
 4.965282 
 4.957302 
 4.923152 
 4.86908 
 4.824936 
 4.768133 
 4.730862 
 4.67785 
 4.610451 
 4.544471 
 4.486112 
 4.434454 
 4.361497 
 4.314157 
 4.260922 
 4.200039 
 4.114854 
 4.052791 
 3.991406 
 3.92596 
 3.885348 
 3.831514 
 3.781482 
 3.70717 
 3.651565 
 3.595231 
 3.542357 
 3.48357 
 3.40645 
 3.343729 
 3.26684 
 3.17566 
 3.076827 
 2.976109 
 2.891012 
 2.786896 
 2.681764 
 2.597015 
 2.518272 
 2.456118 
 2.383994 
 2.289939 
 2.204995 
 2.12225 
 2.051861 
 1.975031 
 1.907374 
 1.822693 
 1.762471 
 1.696512 
 1.649449 
 1.584998 
 1.522082 
 1.435112 
 1.36401 
 1.313436 
 1.25281 
 1.189389 
 1.128379 
 1.0417 
 .9664477 
 .9193826 
 .851192 
 .8002353 
 .7255867 
 .6785675 
 .6602348 
 .6526719 
 .6555217 
 .640559 
 .6080489 
 .602 
 .6067156 
 .6323232 
 .6365878 
 .6214091 
 .5939214 
 .5413992 
 .4806526 
 .4436586 
 .3933637 
 .3554979 
 .3368395 
 .2959811 
 .2737431 
 .2692655 
 .2485143 
 .2065771 
 .1726335 
 .1163553 
 6.844687E-02 
 1.981877E-02 
-3.062359E-03 
-4.213225E-02 
-9.115287E-02 
-.1328555 
-.1872107 
-.2502092 
-.3336381 
-.4418298 
-.5216757 
-.5862429 
-.6527715 
-.7194429 
-.7861931 
-.8312722 
-.879747 
-.9152731 
-.956381 
-1.002321 
-1.061155 
-1.133033 
-1.226204 
-1.300469 
-1.35459 
-1.416068 
-1.479863 
-1.514377 
-1.536659 
-1.558509 
-1.561111 
-1.572122 
-1.601588 
-1.6076 
-1.612531 
-1.601165 
-1.583522 
-1.574576 
-1.540191 
-1.513593 
-1.498267 
-1.498553 
-1.483494 
-1.446964 
-1.43244 
-1.395887 
-1.353453 
-1.29058 
-1.215196 
-1.151234 
-1.086823 
-1.006291 
-.9469633 
-.873089 
-.8051287 
-.7365956 
-.6934606 
-.6758068 
-.6401255 
-.578779 
-.5455152 
-.5045198 
-.4396873 
-.3975353 
-.3628831 
-.3295717 
-.2752051 
-.2405315 
-.1889584 
-.1304742 
-8.892861E-02 
-7.347141E-02 
-3.586248E-02 
 1.418391E-04 
 4.444921E-02 
 6.360866E-02 
 5.548658E-02 
 7.262216E-02 
 7.331251E-02 
 9.554538E-02 
 .1141198 
 .1140045 
 .1022051 
 .104465 
 .1260687 
 .133612 
 .1325222 
 .1516491 
 .1898775 
 .2223202 
 .2590223 
 .2775496 
 .3198763 
 .3476408 
 .3480393 
 .3385955 
 .3348656 
 .3245305 
 .3222407 
 .3332433 
 .3554559 
 .3596437 
 .339343 
 .3056285 
 .256272 
 .2344506 
 .1955132 
 .1662479 
 .1602649 
 .1418915 
 .1106535 
 9.519262E-02 
 9.436478E-02 
 8.745785E-02 
 6.180609E-02 
 4.078487E-02 
-4.871437E-04 
-5.309241E-02 
-8.454411E-02 
-.1057737 
-.1282622 
-.1464336 
-.1787474 
-.2366453 
-.3062365 
-.3488835 
-.4146468 
-.4590317 
-.5250443 
-.5769218 
-.639891 
-.6782413 
-.7398653 
-.7941532 
-.8467241 
-.8769802 
-.9091868 
-.9221148 
-.9165648 
-.9345708 
-.947423 
-.9592879 
-.9545628 
-.9536 
-.9262838 
-.9192541 
-.9027743 
-.8760252 
-.8370788 
-.7993066 
-.7356369 
-.6543003 
-.5931795 
-.5247236 
-.4704589 
-.397352 
-.3134872 
-.2378029 
-.1863934 
-.129979 
-9.674299E-02 
-5.494532E-02 
-2.481369E-02 
-1.823281E-02 
-4.543843E-03 
 1.141747E-02 
 .0312663 
 6.923845E-02 
 .1298982 
 .1728847 
 .1952673 
 .2288233 
 .2784157 
 .3166293 
 .3728333 
 .44258 
 .5037364 
 .5676277 
 .6224448 
 .6767244 
 .7278912 
 .7821832 
 .849807 
 .9057564 
 .9468548 
 1.006652 
 1.051268 
 1.075622 
 1.080399 
 1.070629 
 1.043165 
 1.01762 
 1.017977 
 1.012313 
 .9955049 
 .9884479 
 .9666525 
 .9558986 
 .9358535 
 .8914292 
 .8725617 
 .841623 
 .8210181 
 .8282297 
 .8284641 
 .8211378 
 .8115555 
 .8141373 
 .803068 
 .8126249 
 .8371888 
 .8589073 
 .8592569 
 .8428953 
 .8128436 
 .8107188 
 .7819006 
 .7443066 
 .7192951 
 .6831664 
 .6379012 
 .5745659 
 .5032456 
 .4326633 
 .3873723 
 .3180221 
 .2651016 
 .1902792 
 .1247399 
 7.136087E-02 
 3.479458E-02 
-5.913582E-03 
-.0311511 
-.0735709 
-9.076064E-02 
-.11709 
-.1662904 
-.2250306 
-.2737737 
-.3396575 
-.3827766 
-.4430573 
-.5050484 
-.5416992 
-.5789862 
-.5882192 
-.6008355 
-.5983507 
-.584117 
-.5863559 
-.6067749 
-.6176233 
-.6014467 
-.570604 
-.5368127 
-.5102949 
-.4966947 
-.4688868 
-.4561862 
-.4328753 
-.4041479 
-.393368 
-.3576162 
-.3054557 
-.2459616 
-.2118736 
-.1806472 
-.1723151 
-.1554122 
-.1236755 
-.0952384 
-9.458216E-02 
-9.220885E-02 
-.0837343 
-5.552725E-02 
-3.829576E-02 
-3.362466E-02 
-2.286563E-02 
-1.982275E-02 
-1.439748E-02 
-1.628798E-03 
 1.933386E-02 
 2.057232E-02 
 3.211326E-02 
 6.768318E-02 
 .1171049 
 .1894145 
 .2403398 
 .2787935 
 .3284774 
 .3630833 
 .4214309 
 .5027989 
 .6008781 
 .7181097 
 .8147052 
 .9317635 
 1.02399 
 1.129358 
 1.244038 
 1.37893 
 1.507362 
 1.654177 
 1.778231 
 1.898091 
 2.007245 
 2.118189 
 2.199971 
 2.27052 
 2.351082 
 2.405623 
 2.443715 
 2.456443 
 2.486731 
 2.499295 
 2.526068 
 2.577761 
 2.643852 
 2.706421 
 2.776615 
 2.831973 
 2.862132 
 2.882047 
 2.886611 
 2.887076 
 2.877668 
 2.875753 
 2.86946 
 2.881551 
 2.890849 
 2.896481 
 2.908113 
 2.928263 
 2.974573 
 2.993577 
 3.014161 
 3.009066 
 3.009595 
 2.991378 
 2.972829 
 2.951384 
 2.956874 
 2.967098 
 2.990268 
 3.00042 
 3.031631 
 3.080408 
 3.117566 
 3.17307 
 3.226998 
 3.262792 
 3.318099 
 3.370423 
 3.447153 
 3.495103 
 3.566888 
 3.655049 
 3.728199 
 3.782303 
 3.830967 
 3.887621 
 3.929842 
 3.995607 
 4.041288 
 4.093347 
 4.118362 
 4.16246 
 4.179998 
 4.195449 
 4.208103 
 4.198126 
 4.165594 
 4.125768 
 4.061819 
 4.024368 
 4.014258 
 4.007744 
 3.973466 
 3.945933 
 3.932044 
 3.911695 
 3.894885 
 3.859324 
 3.833309 
 3.79148 
 3.755267 
 3.738735 
 3.724748 
 3.73607 
 3.739399 
 3.748814 
 3.737285 
 3.738477 
 3.750762 
 3.782487 
 3.830056 
 3.884531 
 3.924142 
 3.959219 
 3.997502 
 4.010483 
 4.001296 
 4.016262 
 4.016487 
 4.036688 
 4.059779 
 4.064841 
 4.089044 
 4.096012 
 4.091443 
 4.061361 
 4.028499 
 3.986483 
 3.951567 
 3.909867 
 3.892551 
 3.887757 
 3.858403 
 3.820432 
 3.776439 
 3.736937 
 3.684034 
 3.655811 
 3.623135 
 3.578842 
 3.55856 
 3.54947 
 3.563842 
 3.576134 
 3.577539 
 3.594693 
 3.586782 
 3.556343 
 3.537217 
 3.50257 
 3.460901 
 3.434599 
 3.392855 
 3.34275 
 3.281301 
 3.220181 
 3.185755 
 3.160775 
 3.154115 
 3.145369 
 3.126882 
 3.128463 
 3.134531 
 3.130524 
 3.128899 
 3.1007 
 3.093415 
 3.082749 
 3.075426 
 3.049152 
 3.005983 
 2.969076 
 2.908983 
 2.877085 
 2.869616 
 2.883182 
 2.915139 
 2.970303 
 3.016885 
 3.08022 
 3.13469 
 3.184335 
 3.250674 
 3.332066 
 3.417443 
 3.494784 
 3.549239 
 3.610712 
 3.649459 
 3.659037 
 3.656936 
 3.659072 
 3.652085 
 3.65443 
 3.658675 
 3.650429 
 3.626054 
 3.598353 
 3.567289 
 3.529266 
 3.518249 
 3.498077 
 3.470135 
 3.468331 
 3.454868 
 3.428134 
 3.386929 
 3.355413 
 3.325419 
 3.319435 
 3.310357 
 3.305423 
 3.289907 
 3.25655 
 3.200877 
 3.163397 
 3.124572 
 3.083603 
 3.034838 
 2.96213 
 2.916498 
 2.876639 
 2.825068 
 2.772774 
 2.712353 
 2.671873 
 2.64344 
 2.636444 
 2.613082 
 2.568552 
 2.523152 
 2.457972 
 2.375444 
 2.294851 
 2.234624 
 2.185633 
 2.152685 
 2.095679 
 2.025113 
 1.961452 
 1.926089 
 1.906793 
 1.869967 
 1.839598 
 1.818433 
 1.8211 
 1.823824 
 1.82758 
 1.824819 
 1.821158 
 1.834563 
 1.869385 
 1.909432 
 1.973316 
 2.015637 
 2.077846 
 2.162157 
 2.237096 
 2.335506 
 2.425224 
 2.522105 
 2.619694 
 2.707402 
 2.791583 
 2.886168 
 2.986877 
 3.085324 
 3.153038 
 3.226345 
 3.318211 
 3.397485 
 3.471411 
 3.564747 
 3.655962 
 3.74187 
 3.80743 
 3.873852 
 3.923067 
 3.970779 
 4.029699 
 4.061587 
 4.094739 
 4.12326 
 4.151013 
 4.163675 
 4.183238 
 4.192082 
 4.207428 
 4.239729 
 4.261192 
 4.267983 
 4.253036 
 4.254675 
 4.247608 
 4.244247 
 4.226635 
 4.203186 
 4.200971 
 4.188542 
 4.160561 
 4.109609 
 4.048618 
 4.013058 
 3.952101 
 3.915768 
 3.862942 
 3.795633 
 3.735904 
 3.660253 
 3.593227 
 3.52775 
 3.449506 
 3.351676 
 3.265951 
 3.162938 
 3.044004 
 2.90183 
 2.745525 
 2.578266 
 2.414793 
 2.26423 
 2.13029 
 1.997964 
 1.859619 
 1.737618 
 1.645982 
 1.55494 
 1.449256 
 1.361709 
 1.258966 
 1.140096 
 1.031353 
 .9106023 
 .811393 
 .7136449 
 .5968696 
 .4953946 
 .4145122 
 .3278878 
 .2254433 
 .1367058 
 5.833218E-02 
 3.785781E-03 
-3.202767E-02 
-8.177314E-02 
-.1082565 
-.1157758 
-.1430232 
-.1922526 
-.2628943 
-.345424 
-.4405376 
-.5562255 
-.6629382 
-.7664005 
-.8779001 
-.9800879 
-1.105741 
-1.229989 
-1.373248 
-1.50985 
-1.637744 
-1.738836 
-1.837434 
-1.946966 
-2.025483 
-2.110497 
-2.195269 
-2.253676 
-2.313194 
-2.355845 
-2.417457 
-2.491424 
-2.546061 
-2.621637 
-2.709534 
-2.819061 
-2.939335 
-3.061344 
-3.167806 
-3.265441 
-3.3378 
-3.391436 
-3.435728 
-3.464993 
-3.466688 
-3.480347 
-3.503324 
-3.519725 
-3.510221 
-3.475844 
-3.430076 
-3.393873 
-3.379089 
-3.363622 
-3.370631 
-3.388741 
-3.414393 
-3.415601 
-3.396497 
-3.393095 
-3.412229 
-3.437363 
-3.446424 
-3.429231 
-3.403831 
-3.379835 
-3.368618 
-3.371484 
-3.361068 
-3.336792 
-3.331244 
-3.313977 
-3.315851 
-3.329654 
-3.34339 
-3.366657 
-3.367442 
-3.357726 
-3.339236 
-3.301362 
-3.273125 
-3.253478 
-3.213858 
-3.156657 
-3.082766 
-2.991489 
-2.890693 
-2.792043 
-2.701956 
-2.606124 
-2.534454 
-2.479218 
-2.410284 
-2.366862 
-2.330912 
-2.32112 
-2.300101 
-2.28008 
-2.248138 
-2.219587 
-2.196613 
-2.157746 
-2.104424 
-2.048057 
-2.000019 
-1.975535 
-1.947853 
-1.924037 
-1.908035 
-1.884665 
-1.855894 
-1.825898 
-1.785813 
-1.770433 
-1.765486 
-1.750915 
-1.723808 
-1.679006 
-1.62751 
-1.601093 
-1.565899 
-1.508911 
-1.427658 
-1.341002 
-1.254198 
-1.155465 
-1.073703 
-.9880747 
-.904774 
-.8229889 
-.75102 
-.6900724 
-.6417965 
-.5979108 
-.536678 
-.4845692 
-.4561529 
-.4199402 
-.3760557 
-.3177495 
-.2643316 
-.237334 
-.2140961 
-.1754915 
-.1345497 
-9.444326E-02 
-3.668752E-02 
 2.045206E-02 
 9.612548E-02 
 .1624786 
 .2078295 
 .230938 
 .265217 
 .2779354 
 .2756038 
 .2506963 
 .2227783 
 .1880093 
 .1614123 
 .1544738 
 .1517088 
 .1747183 
 .2231649 
 .273278 
 .318581 
 .3680536 
 .4228086 
 .4607916 
 .5168214 
 .564193 
 .612429 
 .6319674 
 .6315086 
 .6483191 
 .6621603 
 .6913057 
 .7179314 
 .7203721 
 .708083 
 .6701891 
 .620607 
 .5653604 
 .5134678 
 .4808631 
 .425124 
 .3818491 
 .3498307 
 .3045091 
 .2586478 
 .2292265 
 .2189662 
 .2305552 
 .2391113 
 .2339454 
 .2202916 
 .2217897 
 .24294 
 .245481 
 .2433797 
 .2311173 
 .2010616 
 .180162 
 .132494 
 .1002203 
 6.982689E-02 
 5.966227E-02 
 7.293806E-02 
 9.559594E-02 
 .1424571 
 .1704469 
 .1850909 
 .2189494 
 .2772862 
 .3471235 
 .3907602 
 .4241332 
 .4420983 
 .4337999 
 .403527 
 .3879457 
 .3825386 
 .3997035 
 .3959817 
 .4149688 
 .4425354 
 .484643 
 .5114343 
 .5444015 
 .5811647 
 .5928954 
 .6041548 
 .6308421 
 .661284 
 .7123316 
 .7790785 
 .8542191 
 .9313223 
 .9818495 
 1.009828 
 1.043216 
 1.077461 
 1.095613 
 1.125894 
 1.163965 
 1.22735 
 1.282282 
 1.308892 
 1.351671 
 1.408036 
 1.464407 
 1.505441 
 1.532772 
 1.536924 
 1.549907 
 1.578716 
 1.58221 
 1.59915 
 1.640073 
 1.67743 
 1.729329 
 1.788096 
 1.827506 
 1.846266 
 1.880855 
 1.920966 
 1.959948 
 2.011978 
 2.060398 
 2.099546 
 2.128731 
 2.147467 
 2.179579 
 2.22433 
 2.274152 
 2.316729 
 2.335464 
 2.34567 
 2.339025 
 2.34228 
 2.339943 
 2.320925 
 2.308161 
 2.319572 
 2.3287 
 2.351216 
 2.397815 
 2.422077 
 2.444627 
 2.451572 
 2.439874 
 2.443258 
 2.468696 
 2.471024 
 2.469377 
 2.475753 
 2.482449 
 2.506258 
 2.550792 
 2.600789 
 2.662289 
 2.743695 
 2.828658 
 2.929358 
 3.01374 
 3.075196 
 3.149265 
 3.196307 
 3.258855 
 3.298529 
 3.315295 
 3.322328 
 3.316359 
 3.285459 
 3.264133 
 3.266689 
 3.29567 
 3.333416 
 3.379683 
 3.417855 
 3.446583 
 3.482121 
 3.535242 
 3.611906 
 3.693798 
 3.797148 
 3.909323 
 4.005839 
 4.075957 
 4.154818 
 4.229144 
 4.283869 
 4.318375 
 4.336296 
 4.368216 
 4.421881 
 4.461611 
 4.483821 
 4.481612 
 4.477669 
 4.472119 
 4.455595 
 4.412161 
 4.356761 
 4.306596 
 4.276839 
 4.225926 
 4.149202 
 4.073828 
 4.022853 
 3.98683 
 3.971403 
 3.973587 
 3.976515 
 3.972747 
 3.985975 
 4.00669 
 4.011111 
 4.040245 
 4.05876 
 4.084833 
 4.126815 
 4.174425 
 4.205707 
 4.230734 
 4.247407 
 4.275883 
 4.323214 
 4.39512 
 4.465463 
 4.558096 
 4.644808 
 4.741804 
 4.859637 
 4.990467 
 5.130744 
 5.264359 
 5.373891 
 5.471021 
 5.590086 
 5.712336 
 5.828991 
 5.918127 
 6.022717 
 6.098074 
 6.164515 
 6.211647 
 6.235007 
 6.261636 
 6.312378 
 6.33601 
 6.334598 
 6.326788 
 6.32766 
 6.343812 
 6.360947 
 6.355822 
 6.342452 
 6.32282 
 6.327728 
 6.332146 
 6.340256 
 6.363836 
 6.399968 
 6.421258 
 6.416779 
 6.406882 
 6.372958 
 6.317192 
 6.259604 
 6.218347 
 6.181223 
 6.120899 
 6.056385 
 5.995917 
 5.942121 
 5.87071 
 5.816432 
 5.773249 
 5.737281 
 5.680103 
 5.608112 
 5.559263 
 5.52709 
 5.493186 
 5.476617 
 5.452076 
 5.449012 
 5.470135 
 5.475471 
 5.489101 
 5.499345 
 5.482445 
 5.489621 
 5.470088 
 5.432613 
 5.406472 
 5.390726 
 5.387443 
 5.384117 
 5.387653 
 5.379912 
 5.389563 
 5.404073 
 5.415413 
 5.438462 
 5.437943 
 5.432687 
 5.419003 
 5.390712 
 5.349239 
 5.288532 
 5.249228 
 5.237109 
 5.219623 
 5.216609 
 5.186057 
 5.170299 
 5.167089 
 5.139312 
 5.11517 
 5.064825 
 5.012839 
 4.970938 
 4.939619 
 4.887788 
 4.811849 
 4.736897 
 4.674654 
 4.633555 
 4.602155 
 4.562597 
 4.508744 
 4.441925 
 4.397422 
 4.373372 
 4.347332 
 4.320704 
 4.300221 
 4.284884 
 4.284278 
 4.271008 
 4.247562 
 4.221158 
 4.196579 
 4.162316 
 4.128046 
 4.082252 
 4.02025 
 3.935719 
 3.843379 
 3.771982 
 3.708357 
 3.659908 
 3.621566 
 3.603736 
 3.593656 
 3.591867 
 3.576033 
 3.558968 
 3.565634 
 3.577873 
 3.568644 
 3.578996 
 3.563107 
 3.563308 
 3.555097 
 3.525085 
 3.507766 
 3.501327 
 3.521791 
 3.534796 
 3.55029 
 3.561399 
 3.559205 
 3.546305 
 3.54655 
 3.532323 
 3.493398 
 3.461511 
 3.411524 
 3.348417 
 3.288488 
 3.202678 
 3.132818 
 3.062033 
 2.976777 
 2.883727 
 2.768469 
 2.632633 
 2.476067 
 2.346969 
 2.196171 
 2.075377 
 1.931104 
 1.781784 
 1.620859 
 1.46352 
 1.319128 
 1.158655 
 1.025117 
 .8898783 
 .7401065 
 .5716625 
 .4293381 
 .2772305 
 .1312207 
-8.819675E-03 
-.1631365 
-.2966892 
-.3989794 
-.5226906 
-.6655244 
-.7859471 
-.8876913 
-.9951705 
-1.091425 
-1.203125 
-1.284823 
-1.373412 
-1.482233 
-1.565394 
-1.625678 
-1.678026 
-1.718076 
-1.730941 
-1.757452 
-1.807394 
-1.832685 
-1.837873 
-1.859838 
-1.868932 
-1.868241 
-1.8605 
-1.878902 
-1.870898 
-1.840776 
-1.825748 
-1.811207 
-1.776196 
-1.744564 
-1.68635 
-1.644441 
-1.583119 
-1.544929 
-1.515721 
-1.49015 
-1.458648 
-1.403868 
-1.328107 
-1.232545 
-1.158377 
-1.065813 
-.9658188 
-.8913811 
-.8295735 
-.7677916 
-.700493 
-.6238183 
-.5607668 
-.5105256 
-.466516 
-.4319231 
-.3907593 
-.3420959 
-.3005594 
-.2617985 
-.2343197 
-.1933738 
-.1297503 
-.0642287 
-2.112394E-02 
 7.448212E-03 
 5.600693E-02 
 .1116373 
 .1573595 
 .1955564 
 .2239812 
 .2765136 
 .334284 
 .378681 
 .4336132 
 .506472 
 .5549337 
 .6065742 
 .6805096 
 .731227 
 .7971516 
 .8455564 
 .9195209 
 .9811758 
 1.031625 
 1.08144 
 1.141254 
 1.202317 
 1.271103 
 1.339631 
 1.419675 
 1.492701 
 1.558543 
 1.628738 
 1.717263 
 1.784368 
 1.825522 
 1.85104 
 1.874339 
 1.87921 
 1.898607 
 1.894346 
 1.880843 
 1.87903 
 1.857327 
 1.828122 
 1.806355 
 1.799793 
 1.788989 
 1.771634 
 1.737946 
 1.698123 
 1.680439 
 1.658249 
 1.61385 
 1.597227 
 1.578542 
 1.57295 
 1.555154 
 1.522016 
 1.49614 
 1.496048 
 1.507838 
 1.534135 
 1.561728 
 1.595853 
 1.633863 
 1.680568 
 1.724726 
 1.743273 
 1.778926 
 1.825272 
 1.865718 
 1.896766 
 1.94639 
 1.973439 
 2.024279 
 2.089796 
 2.162093 
 2.234357 
 2.300004 
 2.358523 
 2.387613 
 2.402372 
 2.406997 
 2.425967 
 2.468498 
 2.5158 
 2.586076 
 2.63181 
 2.683724 
 2.746232 
 2.792388 
 2.841426 
 2.879576 
 2.912997 
 2.971476 
 3.053647 
 3.139298 
 3.22391 
 3.28634 
 3.339347 
 3.415081 
 3.469864 
 3.526804 
 3.573516 
 3.615462 
 3.660473 
 3.722093 
 3.768791 
 3.833528 
 3.872861 
 3.903631 
 3.951316 
 4.017661 
 4.063981 
 4.131189 
 4.220259 
 4.311399 
 4.377958 
 4.419401 
 4.473719 
 4.516875 
 4.5582 
 4.588355 
 4.593156 
 4.604132 
 4.60467 
 4.577881 
 4.56626 
 4.552923 
 4.518769 
 4.504241 
 4.507392 
 4.531003 
 4.54988 
 4.568757 
 4.571981 
 4.581633 
 4.591477 
 4.604474 
 4.612508 
 4.60625 
 4.588159 
 4.573283 
 4.575103 
 4.568166 
 4.56321 
 4.553792 
 4.549252 
 4.52079 
 4.486124 
 4.433133 
 4.403234 
 4.395177 
 4.41118 
 4.435167 
 4.433876 
 4.439054 
 4.434704 
 4.453099 
 4.45418 
 4.465769 
 4.496284 
 4.518078 
 4.515841 
 0 
 0 
 3.238434 
