-.5439874 
-.7937863 
 .1690522 
 .9875844 
 .6795756 
 1.890706 
 2.920652 
 1.758124 
 2.885735 
 2.549016 
 2.57543 
 3.264796 
 2.075678 
 2.246633 
 2.15003 
 1.586895 
 1.872622 
 2.262684 
 1.629758 
 .9960392 
 1.836372 
 2.724412 
 2.978395 
 4.258729 
 5.375006 
 4.648485 
 5.090785 
 6.343836 
 5.660142 
 5.664877 
 4.561844 
 5.798796 
 6.27231 
 4.943839 
 5.035107 
 3.925242 
 2.777135 
 3.493963 
 2.920008 
 1.653628 
 1.03364 
 .6799768 
 .126065 
 1.295131 
 2.617776 
 2.392409 
 1.767881 
 .8161404 
-.1357059 
 .2116545 
-1.380503E-02 
-.2569617 
 .301364 
-.1386741 
 .1970841 
-.5688989 
-1.437072 
-1.242129 
-2.339489 
-2.48126 
-1.382437 
-1.954042 
-1.201885 
-1.478065 
-2.038127 
-.9268059 
-.5143043 
-.149576 
-.3217813 
-1.399098 
-1.2739 
-.7372789 
 .3983871 
 1.341155 
 9.977671E-02 
 .1559536 
 1.26707 
 1.12151 
 1.578671 
 1.591883 
 1.614134 
 1.501228 
 1.090951 
 .8075061 
 .1723861 
-1.044446 
-1.775152 
-.5151296 
-1.621932 
-1.951421 
-2.308622 
-2.330645 
-3.228077 
-3.308069 
-3.928031 
-3.576831 
-3.41434 
-4.29115 
-3.122395 
-2.625788 
-2.561378 
-2.826309 
-3.859307 
-3.114184 
-3.157329 
-2.452987 
-2.140357 
-1.218021 
-2.446554 
-3.253874 
-4.397551 
-5.462291 
-5.909866 
-6.866724 
-8.17998 
-8.066631 
-7.566346 
-7.354023 
-6.401437 
-7.411282 
-8.210673 
-7.693766 
-7.718977 
-8.028708 
-8.90113 
-8.313191 
-7.063481 
-6.857376 
-7.877451 
-7.163882 
-7.324482 
-7.364672 
-7.318016 
-8.026588 
-8.438416 
-9.45728 
-9.176658 
-9.957365 
-8.759798 
-9.693084 
-9.795407 
-10.31343 
-9.246997 
-8.440921 
-8.928902 
-8.404584 
-8.9497 
-9.984786 
-11.19042 
-11.61457 
-10.75126 
-11.1499 
-11.76958 
-11.73989 
-12.28228 
-12.61715 
-13.72765 
-13.69743 
-14.35092 
-13.27417 
-12.86186 
-12.04128 
-10.74785 
-11.03621 
-10.83121 
-11.83774 
-11.41519 
-11.52757 
-10.19619 
-11.06509 
-9.87237 
-9.402437 
-9.697744 
-10.55571 
-10.55002 
-11.19863 
-9.806796 
-10.6344 
-11.82963 
-12.18679 
-11.96158 
-10.71011 
-10.44812 
-10.58682 
-9.567409 
-8.559063 
-7.970938 
-7.276238 
-5.849949 
-6.154789 
-6.123897 
-6.296816 
-5.724762 
-6.499701 
-6.680531 
-6.510906 
-5.602284 
-5.397498 
-5.530221 
-5.460146 
-6.131382 
-5.78733 
-5.74366 
-5.205184 
-4.099625 
-4.354188 
-4.851884 
-5.382037 
-6.288927 
-6.192848 
-6.868002 
-6.609627 
-6.899285 
-5.845135 
-5.798955 
-6.567198 
-6.050587 
-5.3093 
-4.920414 
-4.103198 
-4.928131 
-4.099684 
-4.815104 
-3.585214 
-4.651325 
-5.827181 
-5.045694 
-5.282373 
-5.340847 
-6.307943 
-7.319627 
-8.168374 
-9.336565 
-8.730673 
-8.531708 
-8.279161 
-8.944677 
-8.977041 
-8.236873 
-7.451375 
-7.613633 
-6.474398 
-5.703517 
-6.710732 
-6.336029 
-5.690456 
-6.89807 
-7.073603 
-7.276598 
-7.816857 
-6.474093 
-5.542717 
-4.923524 
-5.067674 
-4.401289 
-4.922675 
-5.283333 
-5.427992 
-4.19686 
-5.108594 
-4.714147 
-5.056938 
-6.080422 
-6.910394 
-8.010708 
-8.166383 
-6.871811 
-6.633882 
-6.575107 
-5.2489 
-5.889526 
-6.186934 
-6.420406 
-6.953618 
-6.904197 
-7.800291 
-7.722963 
-6.405334 
-6.129453 
-4.967272 
-4.446226 
-4.536785 
-3.983545 
-5.081429 
-4.40226 
-3.793943 
-3.737299 
-4.618365 
-5.353167 
-5.801019 
-5.008683 
-6.123577 
-6.070349 
-5.325083 
-4.437826 
-4.820336 
-3.532117 
-2.626572 
-2.092838 
-.9674309 
 9.698214E-02 
-7.605235E-02 
-1.088758 
 8.503287E-02 
 .932485 
 1.487154 
 1.236854 
-7.667753E-02 
-1.023984 
-1.954502 
-1.95402 
-2.186109 
-3.226906 
-3.842643 
-3.453924 
-2.471955 
-2.407763 
-3.214758 
-2.164689 
-2.433981 
-2.894318 
-2.1664 
-2.863765 
-3.011013 
-3.693595 
-2.68177 
-2.314246 
-2.609993 
-2.894033 
-1.918419 
-1.625129 
-.4449773 
-.3392868 
-.7837039 
 .1854243 
-.4132332 
-1.078882 
-1.957039 
-2.388164 
-3.712823 
-3.093924 
-2.126401 
-2.651252 
-2.109662 
-2.317967 
-1.474948 
-.7764474 
-.9024479 
-2.025434 
-2.297633 
-2.717198 
-2.149795 
-2.603412 
-1.803401 
-2.677467 
-2.445416 
-1.194601 
-1.809406 
-.6478969 
-1.615627 
-.354481 
 6.297728E-02 
 .3457224 
 1.429474 
 1.666762 
 .9825933 
 1.901649 
 .7934119 
 .5705255 
 1.248019 
 .5899009 
 .2295441 
-.0636689 
-6.020294E-03 
-.6157134 
-.42215 
-1.183297 
-2.331637 
-1.30911 
-2.284891 
-1.902952 
-.7992828 
-1.455561 
-.2728484 
 .7087924 
 .5916103 
 .559187 
 1.271178 
 2.185945 
 1.895265 
 1.051659 
 .5383181 
 .2776259 
-.663618 
-.3821389 
-1.433666 
-2.256384 
-1.760438 
-1.708563 
-2.535264 
-1.239731 
-1.243261 
-2.554517 
-2.790017 
-3.338317 
-2.659141 
-1.558476 
-.6332731 
-1.445445 
-2.513503 
-3.84624 
-4.801862 
-5.128601 
-5.927419 
-4.630247 
-3.532962 
-3.230541 
-2.573965 
-3.465546 
-4.120895 
-5.371133 
-4.504901 
-3.665804 
-2.815144 
-3.194715 
-3.313327 
-3.140685 
-2.293928 
-2.061711 
-2.821888 
-3.610987 
-3.975028 
-3.758628 
-4.128563 
-4.031784 
-4.18794 
-3.961081 
-5.113094 
-4.992242 
-5.722294 
-4.468761 
-3.212541 
-1.809296 
-.8203765 
-1.007857 
-.1930015 
 1.152576 
 .5608966 
-.3404622 
 .139283 
-1.127636 
-1.605891 
-1.099759 
-2.104651 
-3.173038 
-3.752033 
-4.01365 
-3.830721 
-4.29018 
-4.816588 
-3.97469 
-4.40528 
-4.71525 
-4.949344 
-4.0031 
-4.161849 
-3.531177 
-3.044712 
-3.242753 
-2.020449 
-1.55552 
-1.476025 
-2.196275 
-1.988801 
-1.297412 
-1.368677 
-.2806381 
-.8054081 
-.3757187 
 .6885796 
 .1491947 
-.2295464 
-1.540844 
-2.135798 
-.852725 
-8.733071E-02 
 .1652877 
 .4574778 
-.1517031 
-.1572133 
 .6270522 
 1.611356 
 .557479 
 .6142141 
 .3854001 
-.766871 
-.9436483 
-.4126301 
-.3856846 
-.6289904 
 .5525079 
 1.895597 
 2.184928 
 2.263286 
 2.552542 
 1.446355 
 .5389017 
-8.622554E-02 
-1.398256 
-2.37347 
-2.610137 
-2.467533 
-2.281665 
-1.501924 
-2.669989 
-2.951268 
-4.112901 
-4.63073 
-4.336654 
-4.234707 
-3.932764 
-4.335845 
-3.222337 
-2.419152 
-2.156112 
-2.305806 
-1.670962 
-2.524231 
-3.715191 
-4.420918 
-3.722868 
-2.451343 
-2.780781 
-2.27868 
-1.456166 
-2.642668 
-1.889109 
-1.879804 
-2.644429 
-2.383225 
-1.257929 
-5.418231E-03 
 .4628069 
-.8141256 
-.43479 
 .8266059 
-.430132 
 .7244502 
-.3650925 
-.9643033 
-.7634699 
 7.435324E-02 
-1.112871 
-2.346135 
-2.210647 
-2.677322 
-2.907834 
-2.864486 
-2.212642 
-2.291733 
-2.747529 
-3.878995 
-4.139105 
-3.917766 
-3.167828 
-2.8882 
-2.442692 
-1.578024 
-1.744068 
-.9432971 
-.307215 
 .2413589 
 .8805962 
 8.179245E-02 
 .7731926 
-.3487376 
-1.070262 
 .1070966 
 1.014748 
 .2997777 
-.5789542 
-1.316577 
-.2042331 
-.7966163 
-1.468036 
-.913799 
-.4393272 
 .3149843 
 1.037938 
 .5514005 
 1.388952 
 1.99888 
 3.064867 
 2.3462 
 1.906312 
 2.009758 
 1.610499 
 .7878515 
 .952225 
 1.297681 
 .340088 
-.8791738 
-.5704722 
 .3524195 
 .7684601 
 .58061 
-.268227 
-.3177691 
 .9447644 
 1.71381 
 1.41544 
 1.346973 
 1.456427 
 1.911789 
 .6835565 
 1.013383 
 2.084847 
 1.69001 
 .6346197 
 .3802708 
 1.089059 
 .7337623 
 .4753805 
 1.11901 
 .9696674 
 1.539793 
 1.570134 
 .6860758 
 4.598827E-02 
-1.085437 
 .1487979 
-.3716099 
-7.765964E-02 
-.578801 
 .3426635 
-.0999486 
 .667971 
-.170528 
-.7417808 
-1.901295 
-1.955749 
-2.065685 
-1.790563 
-3.013525 
-3.527519 
-4.490273 
-4.954837 
-4.236552 
-3.823224 
-2.531218 
-1.572512 
-1.368422 
-1.060901 
-1.86262 
-.8107038 
-1.237299 
-.9777374 
-.6968778 
 3.513729E-02 
 .642544 
 1.164155 
 1.872523 
 1.242979 
 1.334209 
 1.350244 
 1.51222 
 .9231359 
 .6621765 
 .244919 
 1.481688 
 1.575821 
 1.786305 
 1.686042 
 .4173304 
 2.750978E-02 
-.9574396 
-.583647 
-1.485376 
-2.319335 
-2.669104 
-3.739028 
-3.446472 
-2.860348 
-2.966897 
-3.154971 
-3.571371 
-3.021689 
-3.732483 
-4.947163 
-3.928117 
-5.061353 
-5.177197 
-4.496456 
-3.741163 
-2.809936 
-3.513853 
-3.59729 
-2.585811 
-1.638029 
-1.816861 
-1.908175 
-2.297562 
-2.96297 
-2.147502 
-1.970624 
-1.841685 
-1.480364 
-2.547857 
-2.011259 
-2.612465 
-3.796171 
-4.415709 
-3.174828 
-3.547838 
-3.138051 
-3.453281 
-3.782549 
-4.224222 
-4.96597 
-5.721348 
-5.907926 
-5.547638 
-6.167829 
-5.642508 
-5.324686 
-4.985286 
-6.045771 
-7.253164 
-8.166612 
-8.809505 
-9.026773 
-8.72806 
-9.198084 
-8.236376 
-7.051652 
-6.858312 
-7.084473 
-8.354627 
-9.000179 
-9.844982 
-9.4049 
-8.012216 
-8.372646 
-9.002265 
-7.937327 
-8.800044 
-8.571589 
-8.194779 
-7.805839 
-7.196841 
-6.16673 
-7.13336 
-7.393188 
-6.474776 
-6.988829 
-6.471268 
-6.662692 
-5.717033 
-5.797693 
-4.850798 
-5.510431 
-4.873114 
-3.732685 
-4.396748 
-3.100691 
-1.768225 
-.6982874 
-.580437 
-.1668711 
-.2613337 
-1.17933 
-.8299266 
-.5051642 
 .4589648 
 .1461204 
-1.061897 
-1.093328 
-2.27237 
-2.640046 
-2.762535 
-3.281019 
-2.025381 
-3.24628 
-2.873124 
-2.524354 
-2.395445 
-3.621896 
-3.067112 
-3.508004 
-2.212148 
-2.687471 
-3.045125 
-3.50877 
-3.88697 
-4.573249 
-4.314865 
-3.722474 
-4.277746 
-4.062628 
-3.809205 
-2.452512 
-1.214849 
-1.811879 
-.9959944 
-.2283537 
-.4361924 
-9.536206E-02 
-9.521475E-02 
-9.826688E-02 
-1.075885 
 .1401229 
-.6636744 
-.4564631 
 4.187442E-02 
-.976346 
-.61251 
 4.551213E-02 
 .8230352 
 .6693514 
-.4570822 
-.5066742 
-.3050977 
-1.467088 
-1.741565 
-2.75624 
-3.72216 
-4.227114 
-2.902246 
-2.534178 
-3.093116 
-3.313534 
-3.372659 
-4.508595 
-4.631337 
-4.760435 
-3.534599 
-4.048777 
-4.905423 
-4.883305 
-5.253076 
-5.186448 
-5.41042 
-6.011578 
-7.13719 
-6.746572 
-7.025246 
-6.848547 
-5.75775 
-5.857329 
-5.554766 
-5.806034 
-6.944047 
-7.973879 
-8.891788 
-9.798155 
-9.054713 
-9.562012 
-10.4599 
-11.62451 
-11.05619 
-10.00636 
-9.816227 
-8.913339 
-7.497103 
-7.29403 
-8.367607 
-8.005795 
-8.368382 
-8.89756 
-8.350867 
-8.50762 
-8.743147 
-9.457651 
-8.399536 
-9.200572 
-9.413958 
-9.044664 
-8.810854 
-8.104774 
-8.999691 
-9.423851 
-10.66769 
-9.869814 
-8.614676 
-9.009027 
-9.673268 
-8.404844 
-9.094934 
-9.262737 
-9.549562 
-9.940312 
-8.585803 
-8.230168 
-8.06489 
-8.956949 
-7.851276 
-8.975556 
-8.163637 
-7.46373 
-8.042731 
-6.814749 
-6.781064 
-6.11809 
-6.30388 
-6.968 
-6.65981 
-6.446096 
-6.477265 
-6.019486 
-5.231609 
-6.304883 
-7.21023 
-8.251228 
-9.419335 
-9.263767 
-7.949883 
-8.543414 
-8.900054 
-7.791574 
-7.71744 
-8.356025 
-7.374443 
-8.409329 
-9.357286 
-8.075612 
-7.048462 
-6.070951 
-4.64299 
-5.227653 
-4.771749 
-4.368915 
-3.053306 
-3.173896 
-4.331995 
-3.336921 
-4.157961 
-4.826621 
-4.52471 
-4.826999 
-4.718532 
-3.553049 
-3.34023 
-2.072649 
-1.287579 
-1.491873 
-.8044633 
-.5676585 
-.6977051 
-1.909233 
-3.178933 
-3.573723 
-3.782702 
-4.115824 
-3.743117 
-4.544414 
-4.714453 
-5.59468 
-4.328332 
-4.828606 
-5.983463 
-5.168665 
-4.521376 
-5.109645 
-4.314967 
-3.249487 
-1.878528 
-2.406872 
-2.507844 
-1.387598 
-.19335 
-.1350367 
 .8944167 
 1.127876 
 .9207414 
 1.753963 
 2.381468 
 3.443517 
 2.537045 
 3.201234 
 3.646714 
 4.737771 
 5.633785 
 6.363176 
 7.074668 
 6.971412 
 7.535085 
 7.66291 
 6.7019 
 6.090675 
 5.918705 
 6.906288 
 7.864494 
 7.526979 
 8.681607 
 8.662565 
 9.871225 
 9.693362 
 10.33805 
 9.760403 
 8.517892 
 9.391861 
 9.555849 
 10.43795 
 11.20681 
 11.85179 
 12.90124 
 11.62967 
 12.3265 
 11.51805 
 10.77083 
 9.440879 
 10.36414 
 11.61133 
 10.9266 
 10.89753 
 10.37481 
 9.487227 
 8.559119 
 7.446241 
 7.603277 
 7.76862 
 8.655242 
 7.517218 
 6.593384 
 6.84514 
 6.687062 
 6.045203 
 6.847432 
 6.305799 
 7.485584 
 7.196291 
 7.892644 
 8.666692 
 8.908792 
 8.452752 
 8.579665 
 8.93346 
 9.087914 
 7.832922 
 8.607278 
 7.386547 
 6.329334 
 5.728681 
 5.474726 
 5.206746 
 6.095562 
 4.896517 
 5.853405 
 5.149575 
 3.874614 
 4.525764 
 3.278149 
 2.218473 
 2.598828 
 1.959959 
 2.824159 
 2.065284 
 1.279824 
 1.247133 
 1.552933 
 1.837405 
 .7672377 
 1.891028 
 1.613132 
 1.177683 
-8.137261E-02 
 .9005713 
 .9211837 
 .666447 
 1.798248 
 1.171196 
 1.274763 
 5.270683E-02 
 .8323958 
 .7811581 
 .8931026 
 .5608689 
-.401378 
 .1787156 
-.5415523 
-1.343203 
-1.839961 
-2.049281 
-1.396433 
-2.37014 
-2.565069 
-1.684396 
-1.431496 
-.6887011 
-1.196736 
-2.354846 
-2.057068 
-2.016985 
-1.493689 
-1.848696 
-1.49322 
-2.36757 
-1.30189 
-1.587118 
-.7457238 
-1.595084 
-1.622302 
-2.851885 
-2.222513 
-1.263203 
-1.753922 
-1.97079 
-1.924371 
-3.227107 
-2.816651 
-1.499688 
-2.507894 
-1.783775 
-2.948568 
-1.73313 
-.3266909 
 .2459308 
 .7717494 
-6.567155E-02 
-.9721025 
 .2390277 
 .8137875 
 1.860406 
 .8979697 
-8.818697E-02 
-.7474709 
-2.021005 
-2.531142 
-1.45959 
-2.089839 
-1.564056 
-.64215 
-1.694303 
-.8788989 
 1.398244E-03 
-.751382 
-1.836022 
-1.539353 
-2.642378 
-2.341969 
-2.408246 
-1.207149 
-1.958057 
-2.514346 
-2.232078 
-2.872904 
-3.375005 
-4.451251 
-5.784717 
-4.57446 
-3.850761 
-3.973067 
-4.049183 
-4.120134 
-3.134488 
-3.295419 
-2.720312 
-2.997875 
-3.284921 
-3.968673 
-4.690785 
-5.827875 
-5.052478 
-4.10788 
-4.47174 
-4.660146 
-3.307698 
-2.682021 
-2.652482 
-1.736941 
-2.104283 
-3.028679 
-1.961493 
-1.863966 
-1.072393 
-.7190424 
-1.107796 
 .1177588 
-.1693068 
-.7051687 
-1.474354 
-.7659578 
 .3250155 
-.6571174 
 .3799367 
 .7497473 
 1.800543 
 2.518169 
 2.069294 
 2.130691 
 2.977973 
 2.065064 
 2.784662 
 2.602033 
 2.685885 
 1.521519 
 .2695035 
 1.102313 
 2.422551 
 1.179826 
 1.527863 
 2.74128 
 1.759185 
 1.388287 
 1.338501 
 2.390537 
 1.535892 
 2.349053 
 2.772573 
 2.025705 
 .7625587 
 1.793071 
 1.800022 
 2.237935 
 1.079515 
-.2825044 
 .8717028 
 .1442165 
 1.156583 
 1.04827 
 .1530111 
-.4572421 
 .1853426 
 1.157649 
 .5415933 
 .1001152 
 1.060012 
 2.051724 
 1.854337 
 2.082715 
 1.245775 
 2.379534 
 1.766525 
 .434571 
-.1065307 
 .1362434 
-.1765757 
 .1894618 
 .8503405 
 1.436772 
 .6103613 
-.6144412 
-1.343627 
-2.170217 
-.9191627 
-1.711722 
-1.316756 
-.1949618 
-.7490652 
-1.417805 
-.7130775 
 1.650202E-02 
-.2448146 
-1.1743 
-1.018079 
-2.014271 
-2.651487 
-1.704472 
-1.192829 
-1.249827 
-1.064277 
-1.759662 
-3.066207 
-3.751522 
-2.541715 
-3.647514 
-2.724427 
-3.77323 
-3.199475 
-3.760309 
-2.651201 
-3.765354 
-3.520769 
-3.477432 
-2.441574 
-2.515797 
-1.613619 
-.685465 
-1.780132 
-1.599083 
-1.554745 
-.7581297 
-.898443 
 .3758183 
-.5228261 
-.0999269 
 .4347065 
 1.078081 
 1.088773 
 2.383136 
 3.363514 
 2.505754 
 2.879392 
 2.273101 
 3.211094 
 3.847919 
 3.560775 
 2.440119 
 2.678812 
 1.618097 
 2.015092 
 1.507168 
 .3677845 
 .6650454 
 .8026087 
 1.013183 
 1.92239 
 3.103818 
 2.359436 
 1.364162 
 1.880797 
 2.716266 
 2.250594 
 3.138636 
 3.892242 
 3.577304 
 3.753394 
 3.381879 
 3.39029 
 3.291189 
 3.486994 
 4.19557 
 3.726676 
 3.036298 
 3.950814 
 3.313899 
 2.341935 
 1.367952 
 .6195616 
-.284825 
-.2608223 
 .974078 
 .7407853 
 .1829754 
 .6140455 
-8.801146E-02 
 .3941017 
-4.447199E-02 
-1.268578 
-.1278456 
-.6778107 
-.2315383 
 1.121178 
 .8535647 
 .4738148 
 .3391737 
 .9144681 
 .2812651 
 1.242412 
 2.026199 
 1.948709 
 .9277813 
 6.781489E-02 
-.6536655 
 .6398091 
-.5971554 
-1.109764 
-.5588237 
-1.096391 
-1.600167 
-2.544954 
-3.038111 
-3.09367 
-1.935102 
-3.09166 
-2.414767 
-3.496743 
-3.168627 
-2.624782 
-1.833103 
-2.031405 
-1.328186 
-2.153304 
-1.007535 
-1.41327 
-2.568543 
-3.13378 
-2.731063 
-3.590858 
-2.588826 
-3.415747 
-3.59561 
-2.432401 
-2.442815 
-1.1162 
-1.226151 
-.5099224 
 9.721369E-02 
-.66042 
-1.581661 
-1.180119 
 .1413119 
 .932003 
 1.142243 
 .8311489 
 .2141671 
 .8878261 
 .2126035 
 .7079069 
 1.016782 
 .1871109 
 1.370791 
 2.2582 
 2.706335 
 1.550328 
 1.388756 
 .2987861 
 .6711169 
 1.425446 
 1.331322 
 4.567975E-03 
 .0254152 
 .3250141 
 1.305787 
 .8462563 
 .2307084 
 .5015444 
 .1499038 
 .2517731 
 .6184711 
 1.046087 
 .1283809 
 .5862666 
 1.786183 
 2.550004 
 3.745137 
 2.832249 
 2.231517 
 2.785 
 2.126313 
 3.281073 
 4.509762 
 5.457454 
 6.526252 
 5.686471 
 6.732384 
 5.687532 
 6.363947 
 6.94882 
 8.067585 
 7.935575 
 8.944476 
 8.02682 
 7.897551 
 7.485522 
 7.656829 
 6.354205 
 5.824492 
 6.352731 
 5.190811 
 4.388405 
 3.154521 
 3.960844 
 3.1672 
 3.831508 
 5.099035 
 5.907961 
 5.838309 
 6.264993 
 5.631567 
 4.430144 
 3.90408 
 3.152398 
 2.921852 
 2.431787 
 2.763434 
 2.564719 
 3.442238 
 3.359888 
 3.18671 
 3.475334 
 3.913811 
 5.224561 
 4.004722 
 4.041522 
 2.815622 
 3.025541 
 2.125522 
 2.049202 
 1.887233 
 3.167373 
 3.46353 
 4.116099 
 3.53697 
 4.541955 
 5.472719 
 4.999167 
 5.903086 
 5.922426 
 5.093912 
 6.036297 
 5.989002 
 7.222023 
 5.95588 
 7.099009 
 8.01719 
 7.415774 
 6.531713 
 6.276882 
 6.699212 
 6.072249 
 7.226164 
 6.368217 
 6.680679 
 5.431575 
 6.322794 
 5.117187 
 4.975091 
 4.847185 
 3.753927 
 2.596855 
 2.156489 
 .925862 
 2.093476 
 3.441369 
 3.670549 
 2.326754 
 2.557757 
 3.205197 
 2.909086 
 3.047466 
 2.127271 
 2.513248 
 1.738784 
 1.934783 
 2.865619 
 3.01779 
 4.241018 
 3.921789 
 4.20537 
 3.210615 
 3.770066 
 4.336691 
 5.319603 
 6.16619 
 6.587214 
 5.937204 
 5.723764 
 5.90271 
 4.718715 
 3.597983 
 4.709011 
 4.060194 
 4.999753 
 5.204137 
 4.360149 
 5.254479 
 4.482962 
 3.892537 
 2.620837 
 2.396607 
 1.910022 
 2.191672 
 1.842339 
 2.970371 
 3.615796 
 2.449027 
 1.946997 
 1.59443 
 1.753825 
 1.072947 
 2.188857 
 1.998835 
 1.394423 
 2.489679 
 3.066179 
 4.224496 
 4.192376 
 3.673712 
 4.415323 
 3.249512 
 2.092253 
 2.557663 
 1.807723 
 1.397913 
 2.085149 
 1.342801 
 .8615391 
 .2399131 
 .167791 
 1.402746 
 1.887526 
 2.776643 
 2.711342 
 2.226763 
 3.160798 
 3.424766 
 2.953722 
 3.043148 
 1.755141 
 2.682819 
 2.555759 
 2.701988 
 1.781454 
 .8920162 
 1.112691 
-3.812701E-02 
 1.219331 
 2.435332 
 3.507851 
 4.465158 
 5.668334 
 5.361338 
 6.204777 
 5.874681 
 5.676539 
 6.525198 
 7.359921 
 7.670723 
 7.376542 
 6.324586 
 6.667229 
 5.638259 
 4.209377 
 3.583194 
 3.757176 
 3.324385 
 3.7504 
 3.865154 
 3.268 
 2.4483 
 2.224489 
 2.024097 
 1.646994 
 2.904496 
 2.509254 
 2.093788 
 3.317006 
 2.807168 
 2.125549 
 1.364697 
 1.759866 
 1.822585 
 2.963211 
 2.861525 
 3.049316 
 2.539634 
 1.63394 
 .4751986 
 1.2506 
 1.186527 
 1.042402 
 .6178247 
-.6118219 
 .5755536 
 .8690129 
 .2761185 
 .163719 
-.2862279 
 .6033934 
 1.192376 
 2.234502 
 1.482612 
 .3963422 
 .2599674 
-.75049 
-1.703308 
-1.733338 
-.8222395 
-.2905058 
 .46736 
-.6964308 
-1.464776 
-1.233163 
 .0916953 
 .9014766 
 7.023114E-02 
 .3092039 
 .7387031 
 1.896572 
 1.957028 
 2.012563 
 1.702322 
 1.641154 
 2.463672 
 3.555878 
 3.894812 
 5.106912 
 4.178149 
 5.140167 
 6.318775 
 6.00002 
 7.196201 
 6.924671 
 7.345117 
 7.49182 
 7.111796 
 7.005944 
 7.586416 
 8.001561 
 8.007362 
 6.608688 
 6.878224 
 7.862298 
 7.385089 
 7.178032 
 8.18141 
 8.215043 
 8.045716 
 7.131154 
 7.191886 
 6.422327 
 6.359514 
 6.946348 
 5.717429 
 5.750697 
 5.558894 
 5.539597 
 4.832162 
 5.145676 
 4.658655 
 4.959707 
 5.812161 
 5.357101 
 4.643232 
 3.559844 
 4.299622 
 3.91356 
 4.068469 
 3.380457 
 3.047348 
 4.040561 
 3.589673 
 2.8009 
 1.621018 
 1.028685 
 2.177604 
 .9648864 
 2.045106 
 1.260823 
 .4697545 
 .7361658 
-8.142658E-02 
 .2265211 
 .2526116 
-.4286442 
-1.486911 
-1.042525 
-1.94273 
-2.856954 
-4.142588 
-5.025594 
-5.748523 
-5.758382 
-5.287461 
-4.601034 
-4.617516 
-5.036666 
-4.394518 
-3.005309 
-2.997539 
-3.795069 
-3.052765 
-3.838856 
-4.757468 
-4.422523 
-5.09341 
-4.19404 
-4.174728 
-5.191073 
-4.607533 
-3.676177 
-3.987756 
-4.853496 
-4.326519 
-3.882546 
-2.778725 
-1.868225 
-2.535675 
-1.48496 
-.5390365 
-1.459379 
-2.596849 
-3.737926 
-4.436955 
-5.160061 
-6.284404 
-6.012186 
-5.942973 
-6.428599 
-6.105627 
-7.327334 
-7.436881 
-8.483844 
-8.346813 
-8.047431 
-6.853121 
-6.771407 
-7.392541 
-6.019976 
-6.34496 
-6.429601 
-5.233826 
-5.286442 
-4.526417 
-5.451801 
-6.154617 
-5.319637 
-6.349008 
-7.068392 
-8.236964 
-8.91895 
-9.150217 
-8.522328 
-8.165034 
-7.013324 
-6.118045 
-5.67257 
-4.963702 
-3.618692 
-4.137341 
-4.62766 
-4.353486 
-3.097824 
-1.820821 
-1.174038 
-1.564181 
-2.588695 
-2.590203 
-3.667233 
-4.264359 
-4.6764 
-3.533152 
-2.493291 
-3.18825 
-4.312696 
-4.675917 
-3.93644 
-2.63467 
-2.157657 
-2.179011 
-2.777783 
-3.479684 
-2.870724 
-2.158618 
-3.011217 
-2.47732 
-3.365149 
-3.988636 
-4.028211 
-4.5061 
-3.459059 
-2.89989 
-2.437833 
-1.456701 
-1.842035 
-2.25065 
-1.281354 
-.3434914 
 .5663196 
 1.524453 
 2.119327 
 2.139473 
 1.818446 
 2.168003 
 1.102306 
 .3216074 
 1.002387 
-.1386822 
-.5146208 
-1.768797 
-1.273904 
-1.278793 
-.6809077 
-.7867656 
-1.035451 
-.2535197 
 .5228552 
 .7585281 
 .418872 
-.6956182 
-.5700362 
-.7254605 
-1.089737 
-.7339436 
-.432447 
-.3311288 
 .1922444 
-.9445873 
-1.490826 
-1.04464 
-.4006586 
 .5152611 
 .9267192 
-.2227669 
 .1739835 
 1.284935 
 2.570702 
 2.971725 
 3.080565 
 3.747813 
 3.04934 
 3.281723 
 3.261284 
 3.26603 
 2.867356 
 2.381596 
 1.801027 
 1.606122 
 2.481209 
 2.138027 
 1.020538 
 1.37307 
 1.796971 
 2.559441 
 2.413842 
 1.174512 
 .9585946 
 1.716826 
 1.903221 
 1.910514 
 2.80631 
 2.874044 
 3.831904 
 3.496885 
 2.52402 
 1.440533 
 1.95352 
 .9633634 
 .1973245 
-.9379159 
-1.161922 
-1.531939 
-1.185749 
-.2397493 
 1.399501E-03 
 1.262154 
 2.579623 
 2.76944 
 2.592575 
 2.829821 
 3.144814 
 2.397315 
 3.274457 
 2.949038 
 3.020653 
 1.676115 
 .6594036 
 1.449349 
 1.358751 
 2.110964 
 2.052156 
 .9000154 
 .1320275 
-1.15991 
-1.825237 
-2.179265 
-2.085835 
-1.193964 
-2.30622 
-1.806864 
-1.277556 
-1.928998 
-2.029398 
-1.27934 
-.3409693 
 .7551972 
 .6711244 
 8.764323E-03 
-.4399618 
 .2616152 
 1.250987 
 .4143638 
 .1514578 
-.3565975 
-1.256717 
-.8834822 
-2.185791 
-1.54548 
-1.454397 
-.4964652 
 .6780044 
 1.202276 
 2.424407 
 1.61063 
 .9503031 
 1.866086 
 3.130889 
 3.805269 
 2.631293 
 2.118424 
 1.377407 
 8.357257E-02 
-1.053278 
-.4226511 
 8.671634E-02 
 1.202176 
 .2571431 
 1.311599 
 1.796618 
 2.552243 
 1.884391 
 2.178077 
 2.407834 
 1.23793 
 1.170496 
 1.927361 
 2.171187 
 3.21264 
 4.073385 
 4.585636 
 4.776919 
 3.568626 
 2.463967 
 2.700816 
 2.785444 
 2.04049 
 2.611398 
 3.045791 
 4.332247 
 4.043321 
 2.706273 
 3.453252 
 4.189484 
 4.278528 
 3.591461 
 2.932282 
 1.801082 
 2.180133 
 2.979195 
 1.815114 
 2.416126 
 3.625737 
 3.549093 
 4.28738 
 4.705539 
 3.841204 
 2.834619 
 3.573334 
 3.909732 
 3.909078 
 4.579912 
 4.486124 
 4.077387 
 3.611294 
 3.10935 
 3.753014 
 4.428087 
 4.749216 
 4.460031 
 3.328794 
 2.878485 
 2.048275 
 2.483275 
 2.235485 
 1.411213 
 1.657689 
 2.831408 
 2.787293 
 3.444175 
 4.666674 
 3.684263 
 3.577486 
 2.835916 
 1.901646 
 2.578611 
 3.685261 
 2.639714 
 2.399071 
 2.775705 
 2.815249 
 3.654765 
 4.72404 
 5.082685 
 5.706106 
 6.761267 
 7.061759 
 7.921379 
 7.265613 
 6.201241 
 6.821672 
 5.609037 
 6.349239 
 5.333065 
 4.209773 
 3.69947 
 3.050361 
 1.802822 
 2.179019 
 3.336607 
 4.677705 
 5.194832 
 5.669298 
 5.342795 
 4.904882 
 5.242167 
 6.146105 
 7.383223 
 7.769116 
 8.907731 
 9.489018 
 8.862961 
 7.642855 
 8.076192 
 7.951664 
 7.064486 
 6.092253 
 5.273313 
 5.931287 
 7.049256 
 6.476715 
 5.636348 
 4.431432 
 4.287694 
 4.199081 
 3.656494 
 2.307898 
 1.621127 
 1.78988 
 2.741432 
 1.730817 
 .3805109 
 .3086804 
 1.418611 
 2.149152 
 3.150017 
 4.038374 
 4.118883 
 3.800281 
 4.607049 
 5.021686 
 4.269757 
 5.438496 
 5.006122 
 5.370306 
 6.185175 
 6.537316 
 5.806332 
 5.497532 
 5.100919 
 5.671145 
 6.641256 
 7.926208 
 7.979905 
 9.132174 
 8.987613 
 9.562824 
 10.6947 
 11.49209 
 12.11355 
 11.95316 
 10.90298 
 10.35493 
 11.48677 
 11.80871 
 11.66873 
 10.43655 
 11.21334 
 9.930136 
 9.507646 
 8.613 
 7.460636 
 7.586766 
 8.789338 
 7.578149 
 6.326606 
 5.954866 
 6.351422 
 7.113353 
 7.212711 
 6.152565 
 5.696735 
 5.358132 
 6.515271 
 6.551235 
 6.736493 
 7.504472 
 8.173106 
 7.518496 
 6.255969 
 5.928395 
 4.736349 
 3.586384 
 3.390067 
 4.119018 
 4.315259 
 3.162344 
 2.846465 
 2.966504 
 3.238726 
 2.344854 
 3.066486 
 3.588013 
 3.922164 
 2.873625 
 2.049779 
 3.066001 
 3.877844 
 3.801783 
 4.607846 
 4.243266 
 5.245676 
 6.465319 
 5.7767 
 6.151844 
 6.018225 
 4.703212 
 5.793887 
 4.555378 
 3.60629 
 4.075939 
 4.578296 
 5.192597 
 5.21663 
 5.547893 
 5.019277 
 5.831499 
 6.115393 
 5.988759 
 6.562223 
 5.466746 
 5.184058 
 4.756158 
 4.013307 
 3.310714 
 2.303525 
 3.237329 
 4.564828 
 4.355778 
 5.032092 
 3.723878 
 4.351028 
 4.975401 
 3.808792 
 3.903334 
 2.612137 
 2.422978 
 2.854318 
 3.348955 
 2.346356 
 1.078314 
 .9935161 
 1.535453 
 2.528914 
 3.008202 
 2.604835 
 1.853646 
 1.136812 
 2.122976 
 3.120964 
 3.048973 
 2.992118 
 3.262553 
 3.505877 
 4.218361 
 3.636622 
 3.101964 
 2.910535 
 2.964894 
 2.473734 
 2.417384 
 1.822273 
 .9631158 
-.231092 
-.7478324 
 .1569243 
 .5094604 
 1.202791 
 1.680575 
 2.663139 
 3.069324 
 3.481791 
 2.817557 
 2.711054 
 3.842376 
 4.173277 
 3.157956 
 4.0519 
 2.829745 
 3.537985 
 3.163236 
 2.078733 
 2.615009 
 3.152497 
 4.478675 
 4.199029 
 4.319024 
 4.126477 
 3.481697 
 2.928988 
 3.528792 
 2.854677 
 1.609442 
 1.854871 
 .9570464 
 .2294512 
 .2890713 
-1.022262 
-.3917112 
-.4731544 
-1.247295 
-1.743953 
-2.93489 
-4.100866 
-5.292651 
-4.164342 
-5.287543 
-4.027356 
-5.222744 
-5.66228 
-6.389016 
-6.402763 
-5.924377 
-6.820206 
-5.707421 
-5.864236 
-6.706376 
-7.796052 
-6.739699 
-7.300127 
-7.175503 
-7.018679 
-7.838014 
-7.015452 
-5.585009 
-6.654763 
-7.752338 
-6.852095 
-6.016668 
-6.35235 
-5.925486 
-6.747058 
-5.435318 
-5.785346 
-6.869092 
-5.778018 
-4.694066 
-4.314409 
-3.748835 
-2.439687 
-3.052326 
-4.24489 
-3.151901 
-2.147458 
-2.919495 
-2.351999 
-1.858383 
-1.491765 
-2.7368 
-1.530981 
-.3916324 
-1.041821 
-1.082157 
-7.595547E-02 
-.1588099 
 1.158498 
 .4846941 
 1.435425 
 .4155747 
-3.291189E-02 
-.2030873 
 .1012229 
 1.276399 
 2.403582 
 3.491169 
 2.594841 
 3.516319 
 4.009235 
 2.886633 
 2.290609 
 2.319842 
 2.648032 
 3.183161 
 2.619967 
 2.030986 
 1.74811 
 1.319167 
 1.650849 
 2.070111 
 1.790258 
 1.681674 
 1.16543 
 1.821136 
 2.992841 
 3.201423 
 2.184938 
 1.471717 
 2.435742 
 2.871374 
 2.463845 
 2.122473 
 1.667949 
 2.844312 
 3.204784 
 2.6274 
 3.153894 
 4.102009 
 3.031542 
 3.181123 
 4.320316 
 3.317251 
 4.056423 
 3.303448 
 4.555158 
 4.087314 
 3.579494 
 3.572528 
 4.105296 
 4.248355 
 4.688373 
 4.762341 
 5.390474 
 5.155746 
 4.865164 
 5.125458 
 6.095042 
 5.185113 
 3.945234 
 3.16588 
 3.045347 
 2.166691 
 2.835038 
 1.736229 
 1.230962 
 1.761846 
 .81927 
 .3893995 
 .7023433 
 1.435064 
 1.257656 
 .9207252 
 9.482815E-02 
-.2745527 
 .7452814 
 .5580642 
-.5506617 
 .7033961 
 .6471028 
 1.262552 
 .6938123 
-9.544019E-02 
 .1881619 
 1.429426 
 2.065524 
 2.811668 
 2.935195 
 3.284637 
 3.522459 
 3.992334 
 3.935456 
 2.730842 
 3.522038 
 4.113022 
 3.89874 
 3.470549 
 4.382008 
 3.376194 
 4.509606 
 5.324863 
 5.755422 
 5.843191 
 5.594791 
 5.299225 
 3.911498 
 3.177046 
 2.663911 
 3.340638 
 4.535291 
 4.864433 
 6.041092 
 4.971969 
 5.26477 
 5.842734 
 5.135552 
 5.285808 
 4.810802 
 4.594857 
 5.833476 
 7.098907 
 7.406504 
 7.452223 
 6.457583 
 6.011988 
 7.145122 
 6.253594 
 6.368082 
 5.930951 
 5.723128 
 5.902111 
 6.76015 
 6.13497 
 7.025829 
 5.896029 
 5.463735 
 6.294028 
 7.28536 
 6.423086 
 7.440696 
 8.615066 
 8.85635 
 7.760672 
 6.551976 
 7.159286 
 6.69776 
 6.627948 
 6.121388 
 4.89455 
 0 
 0 
 4.684894 
