 1.669319 
 3.964346 
-4.043511 
-9.785934 
 1.732749 
-15.04764 
-2.787157 
 8.456235 
 13.55063 
-4.900781 
-6.667446 
 7.093645 
 15.24757 
 7.46631 
 21.31391 
 28.91527 
 7.285033 
 20.75663 
 11.38325 
 9.594563 
 16.3837 
-2.446732 
 1.234296 
-.1055355 
-6.884218 
-1.159937 
 4.090202 
-4.815287 
-11.14156 
 2.545861 
 12.89939 
 12.92794 
 26.32883 
 34.10491 
 17.02829 
 19.67525 
 31.3138 
 15.45649 
 13.03133 
-3.243604 
 14.33819 
 16.96756 
-3.271715 
 1.744195E-02 
-13.46722 
-23.73992 
-8.187282 
-13.56222 
-25.74683 
-26.68893 
-24.5069 
-25.55995 
-4.541958 
 12.67932 
 6.429043 
-2.527879 
-13.38968 
-21.66469 
-11.72428 
-12.04975 
-12.20932 
-2.221492 
-7.566734 
-1.331636 
-10.88128 
-18.95345 
-11.76987 
-23.18618 
-19.25214 
-1.133807 
-8.915482 
 2.755301 
-1.962248 
-8.598972 
 7.520932 
 10.22584 
 12.16834 
 6.948808 
-8.205459 
-4.254473 
 3.282651 
 16.46988 
 23.95449 
 2.336268 
 3.258641 
 16.53387 
 10.36775 
 13.97309 
 10.83125 
 8.794765 
 5.517408 
-.6946911 
-3.742038 
-10.63992 
-23.16372 
-26.4522 
-4.200045 
-18.03056 
-17.5675 
-18.06393 
-14.23594 
-22.55694 
-18.21237 
-22.19106 
-12.73033 
-8.374544 
-18.02664 
 .9149619 
 5.911375 
 4.752392 
-3.608342E-02 
-13.26157 
-.6288584 
-1.844085 
 7.132286 
 8.725337 
 17.9268 
-2.430885 
-11.63223 
-23.3082 
-31.228 
-29.69445 
-35.37209 
-44.05417 
-32.64764 
-19.81988 
-13.76252 
 .449187 
-13.74717 
-20.95881 
-10.09171 
-9.306321 
-11.97789 
-21.0115 
-9.273327 
 7.319334 
 6.6486 
-8.717241 
 1.981454 
-1.784316 
-2.657614 
-2.308384 
-11.63039 
-14.68538 
-24.93291 
-16.15262 
-23.55234 
-3.703937 
-16.40136 
-14.5086 
-18.81352 
-1.914872 
 6.976703 
-2.286511 
 4.094081 
-5.053773 
-17.71047 
-29.43322 
-28.61642 
-12.23354 
-16.24404 
-21.41799 
-17.1335 
-21.451 
-21.87329 
-32.16407 
-25.33387 
-29.39658 
-10.32575 
-4.955569 
 4.779965 
 18.09912 
 8.226659 
 7.775574 
-8.152009 
-1.741635 
-4.372023 
 12.15592 
-3.638802 
 11.47357 
 12.8776 
 4.773315 
-8.150743 
-6.944655 
-14.79964 
 5.257371 
-8.412918 
-22.35085 
-22.40419 
-15.62728 
 2.235123 
 3.008456 
-.8399666 
 11.05813 
 19.50201 
 20.81339 
 23.4895 
 34.81302 
 21.37975 
 16.28456 
 9.593074 
 13.96146 
-.0770352 
-2.657375 
-.5888104 
 10.15313 
 9.189136 
 4.626004 
 3.864115 
-6.202999 
-.7541999 
-.9229292 
 5.384754 
 17.17286 
 8.845483 
 .1471998 
-6.868401 
-17.06999 
-12.12561 
-18.65513 
-11.50096 
-13.44915 
 2.3271 
 1.049023 
-9.620571 
-1.196435 
 7.419063 
 9.547262 
 16.85382 
 1.563207 
 11.57649 
-1.118554 
 14.53521 
-3.452495 
-17.4351 
-3.529096 
-6.772734 
-6.437233 
-17.77537 
-26.63433 
-31.48374 
-39.44936 
-23.10506 
-16.66007 
-10.75906 
-17.82398 
-14.78916 
-3.072642 
 6.140821 
 1.317119 
 14.60002 
 19.52269 
 1.149442 
 5.420041 
 11.34958 
-7.593962 
-8.162357 
-9.582511 
-14.94505 
 4.86382 
 13.94041 
 17.33317 
 10.5558 
 16.02351 
 4.815012 
-1.130048 
-3.112161 
 12.60422 
-3.060481 
 2.56522 
-3.155706 
-15.76047 
-22.72726 
-31.71707 
-26.66416 
-5.030703 
-2.453133 
-2.076564 
 14.34446 
 1.52236 
-2.907675 
-5.747346 
-11.78568 
-8.95228 
-19.06326 
-14.08242 
 4.852945 
 5.671164 
 18.15507 
 19.26592 
 12.83515 
 16.37827 
-2.080594 
 7.031401 
 12.16731 
 9.26074 
-4.49024 
-12.76573 
-15.67979 
-2.4724 
-17.06069 
-12.51636 
-.9645333 
 9.39243 
 1.33332 
 16.95944 
 23.30135 
 23.8168 
 31.97591 
 37.26288 
 25.85431 
 7.183555 
 20.83366 
 26.0466 
 26.65183 
 17.18489 
-3.084526 
-13.5711 
-21.75663 
-16.40825 
-15.78798 
-25.42026 
-27.10003 
-16.02464 
-.5598828 
-.4991288 
-10.9078 
 4.977748 
-.4578849 
-6.299481 
 4.282936 
-6.210515 
-6.563966 
-13.94665 
 2.025637 
 5.280431 
-.1705183 
-3.855618 
 9.188163 
 9.964441 
 22.2111 
 17.66495 
 7.868541 
 18.47182 
 6.088004 
-3.421821 
-13.46213 
-15.51394 
-28.70235 
-13.91035 
 .7896732 
-6.855424 
 1.567909 
-2.00055 
 8.962941 
 15.04403 
 9.471231 
-6.939025 
-8.349961 
-11.83707 
-2.008495 
-7.872014 
 4.015067 
-8.649393 
-3.519017 
 12.67099 
 1.089454 
 15.66771 
-.9472154 
 15.59361 
 16.47717 
 16.0068 
 25.88194 
 22.43258 
 8.666663 
 18.8063 
 .13966 
-1.954487 
 7.259402 
-2.987995 
-6.390157 
-8.379015 
-5.54972 
-12.00929 
-6.501782 
-14.78626 
-25.57409 
-6.343461 
-17.97663 
-8.692166 
 6.807374 
-3.810363 
 12.23347 
 21.07895 
 14.23321 
 10.67919 
 17.29876 
 24.59465 
 14.96084 
 1.246038 
-4.901055 
-6.694608 
-16.85658 
-8.927555 
-20.36964 
-25.61063 
-13.21148 
-10.01238 
-18.38407 
 2.421618 
 .8985028 
-16.02636 
-14.82729 
-18.5271 
-5.73942 
 8.773526 
 17.59989 
 2.647524 
-11.14971 
-25.08275 
-31.03568 
-28.0057 
-32.05467 
-8.494367 
 6.008486 
 7.369044 
 13.40102 
-1.657142 
-9.438657 
-23.16142 
-6.764309 
 4.348091 
 13.15837 
 4.482523 
 1.794555 
 3.238075 
 12.71488 
 11.9375 
-.8083664 
-10.47767 
-12.62057 
-7.230083 
-10.81364 
-7.366679 
-8.178279 
-3.829995 
-18.11234 
-12.32816 
-19.3764 
 .6901089 
 15.12732 
 28.23904 
 33.16843 
 22.45783 
 27.56487 
 37.70041 
 20.85836 
 5.073054 
 10.46179 
-8.23285 
-11.75657 
-2.553497 
-15.09653 
-24.76687 
-26.11023 
-23.4932 
-16.08229 
-18.74306 
-21.30789 
-6.011225 
-11.04105 
-12.67886 
-13.08864 
 1.439977 
-1.939444 
 6.077099 
 10.02597 
 4.556783 
 18.68407 
 19.27897 
 15.37225 
 2.499134 
 4.711859 
 12.00155 
 7.764753 
 19.60271 
 7.765302 
 11.62036 
 22.08837 
 9.622295 
 2.954463 
-14.101 
-17.76815 
 2.647451 
 10.8433 
 11.06709 
 12.07498 
 1.470128 
 1.406129 
 10.97761 
 20.49122 
 2.049277 
 2.987754 
-.5540525 
-14.80615 
-13.02824 
-3.317923 
-2.577291 
-5.11941 
 11.0636 
 24.84606 
 22.19451 
 18.15095 
 17.84087 
-.1242466 
-10.73235 
-15.55099 
-28.18133 
-33.38742 
-28.37536 
-20.19502 
-13.56469 
-.9627702 
-16.146 
-15.59696 
-26.8623 
-27.00552 
-17.30029 
-12.71155 
-6.527581 
-10.76386 
 5.515916 
 13.34606 
 12.8236 
 7.558823 
 13.65195 
-.8593736 
-15.50461 
-20.5786 
-7.114179 
 9.737308 
 2.2771 
 7.962007 
 15.94871 
-3.390221 
 7.307552 
 5.064651 
-5.996875 
-1.171461 
 12.88055 
 24.91674 
 24.33713 
 2.359364 
 7.272713 
 21.25788 
-.1833295 
 15.14797 
-2.718805 
-9.058431 
-4.187803 
 7.156244 
-9.989503 
-22.69525 
-15.29036 
-18.00375 
-16.8032 
-12.58688 
-1.811502 
-3.045078 
-8.328621 
-20.76175 
-19.04588 
-12.19171 
-.4993941 
 2.325379 
 6.908229 
 15.685 
 9.263707 
 17.13704 
 20.63149 
 22.38756 
 25.00167 
 8.860956 
 16.03963 
-2.160422 
-10.15343 
 7.371307 
 16.45222 
 3.199991 
-8.182009 
-15.16122 
 2.677762 
-6.113751 
-12.93014 
-2.716787 
 3.467328 
 11.86498 
 17.85157 
 7.276113 
 16.53746 
 20.09576 
 28.80485 
 12.80524 
 4.998767 
 5.641809 
-.5280513 
-10.37287 
-5.317748 
 .2907793 
-11.92943 
-23.97422 
-13.91866 
 .7047745 
 5.292088 
 1.540498 
-9.361349 
-7.353334 
 10.29094 
 16.99549 
 9.048697 
 6.441736 
 6.539749 
 10.89371 
-7.185926 
-.5460458 
 13.0452 
 4.654903 
-9.320506 
-9.679567 
 1.708611 
-3.468423 
-5.634263 
 4.010649 
 .9475923 
 8.138614 
 6.4877 
-6.013011 
-12.1062 
-23.22437 
-1.722026 
-8.619145 
-2.649417 
-8.555762 
 5.293594 
-2.02988 
 8.395218 
-4.516916 
-10.21466 
-22.25922 
-17.34633 
-14.93331 
-8.190866 
-22.13358 
-23.15203 
-30.0905 
-28.97906 
-13.52768 
-6.115178 
 10.92229 
 19.44626 
 16.77929 
 16.50887 
 2.25747 
 15.2862 
 5.64399 
 7.728564 
 9.223335 
 16.09557 
 19.62554 
 21.40327 
 25.24421 
 11.26362 
 10.34052 
 8.261526 
 8.553394 
-.7815217 
-3.438124 
-7.683544 
 9.997485 
 8.319657 
 9.191495 
 5.890734 
-11.24178 
-12.76833 
-22.03388 
-11.75242 
-20.7285 
-26.12418 
-24.29531 
-32.31991 
-20.97226 
-9.3102 
-9.198342 
-9.742567 
-13.02059 
-3.246528 
-12.16785 
-24.73209 
-6.011937 
-20.02152 
-16.79311 
-4.862609 
 4.863341 
 14.61387 
 1.455724 
 6.600268E-02 
 12.45472 
 20.64765 
 12.86282 
 8.630507 
 1.544856 
-7.262751 
 4.762403 
 5.156946 
 5.256159 
 8.313215 
-7.487731 
 1.354087 
-7.115749 
-20.38624 
-23.25843 
-2.366111 
-7.651838 
-.9077246 
-5.300228 
-8.462015 
-12.34562 
-19.11094 
-24.3969 
-21.35651 
-12.46769 
-18.30418 
-7.806703 
-2.973987 
 1.177693 
-13.29265 
-25.57254 
-31.36012 
-32.67689 
-28.54862 
-19.13163 
-21.87483 
-5.488941 
 9.195539 
 7.97065 
 2.340585 
-14.96104 
-19.90568 
-26.67644 
-15.62848 
 4.195629 
-3.112296 
-11.13409 
 4.196196 
-9.255453 
-4.767034 
-6.248846E-02 
 3.666221 
 9.354627 
 18.99374 
 1.0458 
-2.753336 
 8.762586 
-1.074888 
 5.187452 
 .4916085 
 11.64933 
 6.696892 
 16.47532 
 3.194712 
 10.24816 
 21.33529 
 6.895107 
 21.55501 
 32.27852 
 37.34668 
 29.49686 
 27.77708 
 19.90688 
 3.736634 
 7.696478 
 9.717573 
 19.40586 
 10.45413 
-7.021278 
-5.204956 
-19.01592 
-18.84254 
-16.13778 
-19.22242 
 1.000014 
-15.64982 
-6.981819 
-1.527659 
-5.463539E-02 
-15.90398 
-4.92341 
-10.05523 
 8.486697 
-.514572 
-4.952841 
-9.81913 
-12.47469 
-18.50686 
-11.10671 
-1.725232 
-9.141104 
-4.49192 
-.864918 
 15.87542 
 26.7526 
 12.15152 
 19.79817 
 24.32586 
 15.60096 
 16.37996 
 12.38738 
 9.478749 
-5.07353 
 11.9193 
-1.697426 
 1.71284 
 7.437618 
-7.438808 
-.6337062 
 7.538733 
 15.23859 
 9.414555 
-6.822389 
-5.258018 
-1.527969 
-16.01688 
-15.27194 
-24.61494 
-30.86559 
-29.99232 
-6.530401 
-1.507075 
-8.744357 
-9.547605 
-8.355061 
-21.14944 
-17.68043 
-15.71062 
 2.916456 
-5.406298 
-15.16097 
-11.4569 
-14.08122 
-10.39537 
-11.48472 
-16.94304 
-27.61661 
-16.48681 
-17.24073 
-11.70014 
 3.863792 
 .3775946 
 3.475524 
-1.344237 
-15.95825 
-25.43986 
-31.50613 
-36.2027 
-19.0803 
-22.61032 
-29.57707 
-38.18132 
-22.87923 
-5.98801 
-4.021307 
 7.034171 
 21.7089 
 17.52828 
-1.074626 
 3.388413 
-3.145462 
-9.888467 
-1.442506 
-4.411534 
-7.29048 
-15.53943 
 .7175629 
-11.20283 
-11.93343 
-5.507192 
-2.57933 
 5.749933 
-8.273329 
-12.26382 
-26.02339 
-10.46473 
 6.160843 
-2.019087 
-10.78634 
 6.975979 
-5.112483 
-6.725998 
-9.802524 
-13.44576 
 5.823433 
 7.143786 
 6.391298 
-7.41688 
 7.732162 
-9.855093 
 2.28036 
 9.142803 
-1.590867 
 13.68185 
 9.406413 
 14.78611 
 7.901825 
-2.955246 
 1.186942 
 2.636637 
 .7387641 
 5.600302 
 13.27489 
-4.445315 
-14.97296 
-24.9934 
-34.35106 
-24.88433 
-3.733774 
-12.10334 
-14.48187 
 2.020792 
 .9023592 
-8.340061 
 5.374362 
-10.40828 
-20.372 
-2.342542E-02 
 11.2369 
 19.54542 
 31.77537 
 15.64958 
 17.52517 
 17.73156 
 29.50546 
 20.02475 
 .4614188 
 13.10434 
-1.286482 
-9.446308 
-3.627652 
-7.329876 
-4.662687 
 10.51557 
 9.660622 
 22.92587 
 26.5546 
 17.22357 
 21.88021 
 19.31818 
 13.00789 
-5.310681 
-19.63706 
-19.71701 
-17.99862 
-18.38129 
-9.721241 
-18.27268 
-16.26893 
-24.09925 
-2.676204 
-9.651332 
-22.29635 
-6.878677 
 1.787607 
-6.983853 
 4.412426 
 15.87182 
 28.51297 
 14.21519 
 9.686669 
 21.37008 
 30.6984 
 23.61648 
 31.12576 
 26.38651 
 17.67488 
 24.35933 
 26.3808 
 33.62484 
 14.18694 
 20.14941 
 21.11518 
 30.20019 
 34.4691 
 35.87011 
 36.90781 
 27.50483 
 29.17345 
 24.61864 
 7.629341 
-.4845644 
-1.456061 
 12.16866 
 21.70473 
 12.79674 
 25.53374 
 19.74729 
 31.50874 
 22.44585 
 26.67459 
 14.06658 
-3.374892 
 10.20441 
 10.52048 
 20.28145 
 26.03617 
 29.0565 
 36.64196 
 13.02835 
 20.97176 
 6.968831 
-2.228312 
-16.79306 
 .6677466 
 16.96048 
 5.033526 
 5.214692 
-1.278675 
-10.65302 
-18.26448 
-26.54099 
-16.88109 
-10.08336 
 4.275805 
-10.58995 
-18.24747 
-9.51867 
-8.654099 
-13.87763 
 .566181 
-6.071527 
 11.3137 
 5.235899 
 13.85795 
 20.9679 
 19.76037 
 10.35431 
 10.8478 
 13.76248 
 13.39227 
-4.567687 
 7.953806 
-8.744787 
-18.48004 
-20.42217 
-17.87824 
-16.33543 
-.5528501 
-15.3818 
 1.558803 
-7.568433 
-20.90158 
-6.627594 
-20.71398 
-28.19181 
-15.98336 
-20.28575 
-4.068573 
-12.8986 
-19.15022 
-14.52355 
-7.139221 
-1.893735 
-14.93188 
 3.445317 
-1.306023 
-6.149937 
-20.24268 
-2.421133 
-2.079679 
-4.721581 
 10.90273 
 2.060281E-03 
 1.823638 
-13.95115 
-.1436313 
-1.123395 
 .6742041 
-3.64037 
-14.69621 
-3.448129 
-12.07939 
-19.05834 
-20.62062 
-18.43064 
-6.046328 
-17.51197 
-15.6365 
-1.087788 
 1.633874 
 10.32287 
 .9955413 
-13.71011 
-6.373545 
-4.818731 
 2.642379 
-2.943725 
 2.219267 
-9.732529 
 6.220173 
 .3899595 
 10.91419 
-2.92875 
-2.280866 
-17.47089 
-5.092459 
 7.566454 
-1.103402 
-3.50613 
-2.216032 
-18.4254 
-8.59444 
 9.452237 
-6.434018 
 4.503932 
-11.89995 
 6.549369 
 21.88159 
 23.19174 
 24.17313 
 7.790184 
-4.971731 
 11.90591 
 15.72895 
 25.0807 
 6.727814 
-6.607181 
-12.83729 
-25.66581 
-25.67197 
-6.203232 
-13.54913 
-3.651145 
 8.342656 
-7.505355 
 4.956613 
 14.34725 
 .9984714 
-12.58046 
-5.500549 
-18.53124 
-10.11595 
-9.077183 
 7.949338 
-4.234507 
-10.07351 
-4.149781 
-11.72497 
-15.32521 
-25.49307 
-36.35137 
-12.56238 
-1.783623 
-3.807799 
-4.291625 
-4.635097 
 8.442265 
 3.499411 
 9.663141 
 3.258541 
-1.312936 
-9.87154 
-16.78496 
-27.41059 
-11.3027 
 2.179184 
-3.974473 
-5.754424 
 12.22246 
 16.10908 
 12.07249 
 20.5233 
 10.39223 
-3.72024 
 10.81508 
 8.682202 
 16.40216 
 16.48318 
 7.470134 
 21.33425 
 12.06686 
 2.660936 
-7.438707 
 3.513127 
 15.97658 
-.7336808 
 13.04865 
 14.13838 
 24.02447 
 27.13806 
 15.07511 
 12.88623 
 20.83762 
 4.341779 
 13.22403 
 7.767381 
 7.453508 
-8.711493 
-21.64883 
-5.349909 
 12.20479 
-6.815028 
 3.718229E-02 
 15.33827 
-1.009231 
-4.668864 
-3.834188 
 10.53526 
-3.03879 
 8.631335 
 11.78729 
-.2935977 
-15.50288 
 1.941669 
 1.1811 
 6.653172 
-9.516346 
-23.71437 
-2.877248 
-11.99097 
 4.020949 
 1.258817 
-10.15636 
-14.9732 
-3.087836 
 9.551804 
-.8794606 
-5.824225 
 7.925837 
 18.18427 
 11.14695 
 11.79937 
-1.388554 
 13.90729 
 2.558814 
-14.28892 
-16.98442 
-9.687077 
-11.53337 
-4.080553 
 5.01767 
 10.97853 
-2.177229 
-16.5885 
-21.31915 
-26.5713 
-4.39494 
-14.25193 
-5.703253 
 9.397691 
-.4653255 
-8.568472 
 2.544604 
 10.67282 
 4.474632 
-8.178134 
-3.902687 
-15.80619 
-19.85811 
-3.243534 
 3.203638 
 1.297003 
 3.227677 
-6.542735 
-21.34013 
-24.66329 
-3.721141 
-17.86107 
-1.849243 
-15.55178 
-4.536615 
-11.30057 
 5.210033 
-11.04957 
-5.193498 
-4.012606 
 9.564171 
 5.51086 
 15.38514 
 22.83473 
 3.09623 
 5.109892 
 4.192594 
 13.08087 
 7.723949 
 22.02195 
 4.868561 
 9.562729 
 13.84867 
 18.51694 
 14.12404 
 27.34597 
 32.93799 
 14.31335 
 16.54195 
 5.182871 
 16.47317 
 20.54352 
 12.25295 
-4.141914 
 .7890015 
-12.62122 
-3.866614 
-9.389792 
-21.14002 
-11.7821 
-7.422515 
-3.034742 
 9.151262 
 21.65748 
 6.918151 
-6.531761 
 2.260317 
 12.21353 
 3.33583 
 14.33462 
 20.39548 
 11.72349 
 11.85743 
 4.768311 
 4.398615 
 2.530132 
 4.872063 
 13.00149 
 4.153102 
-4.806699 
 8.633239 
-1.482377 
-12.6494 
-21.18112 
-25.00785 
-30.14655 
-22.38138 
-1.655355 
-4.841393 
-10.54638 
-2.310631 
-10.83357 
-1.832815 
-7.192783 
-20.74694 
-.9645938 
-8.387301 
-.56493 
 16.36735 
 8.535819 
 2.02797 
 .1411403 
 7.499692 
-2.467135 
 10.65983 
 17.68061 
 12.3956 
-3.088836 
-12.52527 
-18.2323 
 2.673879 
-14.2702 
-16.78946 
-5.779092 
-11.63402 
-15.12623 
-23.46614 
-24.02367 
-19.25009 
-.5015279 
-15.92311 
-3.373374 
-16.95985 
-8.671368 
-.3703588 
 9.083388 
 3.790942 
 11.67935 
-2.020873 
 13.16057 
 4.193122 
-11.30135 
-15.45444 
-6.835206 
-16.68923 
-8.996857E-02 
-11.42526 
-10.97607 
 5.936001 
 3.451595 
 19.13572 
 12.40677 
 18.51465 
 21.4274 
 6.557586 
-6.22547 
 .646232 
 16.81725 
 22.15845 
 19.34187 
 10.95766 
 .9160597 
 9.611403 
-1.435563 
 5.58295 
 7.987331 
-4.404027 
 12.0881 
 19.97154 
 20.76654 
 1.420318 
-.0758219 
-13.57142 
-5.049038 
 5.507341 
 2.767306 
-14.42388 
-10.04075 
-3.946763 
 9.219107 
 .8553588 
-6.746573 
-1.372625 
-5.60145 
-2.794014 
 2.454336 
 7.1473 
-6.230032 
 1.556463 
 16.15867 
 21.58069 
 31.5532 
 12.46895 
 2.880984 
 9.834852 
-.7570174 
 14.65722 
 26.5057 
 32.17111 
 38.33998 
 19.02016 
 29.02702 
 9.30288 
 17.00485 
 20.82751 
 30.63954 
 22.19534 
 30.84801 
 12.5968 
 9.559483 
 3.164469 
 5.736706 
-11.23913 
-13.80653 
-2.934891 
-16.49947 
-21.52167 
-31.1477 
-12.65847 
-19.77566 
-5.966316 
 11.4901 
 18.91402 
 13.89105 
 16.81503 
 5.421858 
-9.964197 
-13.06929 
-18.77424 
-16.53178 
-18.42455 
-9.399645 
-9.610111 
 4.121588 
 2.01706 
-.1875484 
 3.986264 
 8.849937 
 23.57784 
 2.562272 
 3.640114 
-12.23294 
-5.691054 
-15.51656 
-12.11077 
-11.07324 
 7.98174 
 9.497274 
 15.78894 
 4.928081 
 17.25823 
 24.98085 
 13.32895 
 22.55454 
 17.75893 
 3.884331 
 15.99835 
 11.86654 
 25.45272 
 3.703658 
 18.75982 
 26.19932 
 12.96102 
 3.947863E-02 
-1.885015 
 4.787184 
-3.694321 
 12.83841 
-.7933139 
 4.608687 
-11.63088 
 3.707794 
-12.16167 
-9.82276 
-8.494877 
-19.6971 
-28.67576 
-26.62465 
-35.51359 
-11.71842 
 7.574039 
 8.3295 
-10.27451 
-3.906115 
 5.344704 
 .3652855 
 2.552927 
-9.384787 
-1.539352 
-10.90214 
-5.240595 
 7.846313 
 7.745593 
 21.68608 
 12.42377 
 13.79817 
-1.625402 
 6.795275 
 12.50397 
 22.21951 
 27.83922 
 26.96602 
 13.06247 
 8.445479 
 9.567289 
-7.006898 
-18.28577 
 1.071569 
-7.476172 
 6.993533 
 7.998596 
-4.015029 
 9.236393 
-2.552113 
-8.430919 
-21.74121 
-18.48772 
-19.9515 
-11.27033 
-12.99094 
 4.690566 
 11.44675 
-5.893931 
-9.891325 
-11.53323 
-6.457224 
-13.45791 
 4.284021 
 .4898706 
-6.910222 
 9.052434 
 13.89321 
 25.3476 
 18.90547 
 8.506627 
 16.66275 
-1.831543 
-14.95227 
-4.681086 
-13.05098 
-14.55606 
-2.101009 
-11.15884 
-14.06349 
-18.28466 
-14.57761 
 4.45659 
 8.986052 
 18.08495 
 12.88734 
 4.151329 
 15.55162 
 15.11889 
 5.927775 
 6.322636 
-11.10469 
 4.158378 
 1.359944 
 3.274413 
-8.879928 
-17.3105 
-9.890641 
-22.15094 
-.4664671 
 14.40487 
 24.20067 
 30.49317 
 38.62352 
 25.78922 
 31.31894 
 20.15665 
 13.89779 
 22.21035 
 27.90592 
 25.77366 
 16.83701 
 .7114265 
 6.258016 
-7.599738 
-22.61893 
-23.95976 
-15.43172 
-16.99604 
-7.035917 
-3.76892 
-10.05367 
-17.34757 
-15.3926 
-13.97453 
-15.15481 
 4.655537 
-1.816973 
-6.113745 
 11.25303 
 1.87935 
-6.530229 
-13.97935 
-5.143279 
-3.18947 
 12.14143 
 7.727962 
 8.719444 
 .5174801 
-10.44163 
-21.94164 
-6.331728 
-5.993295 
-6.252066 
-9.964931 
-22.87881 
-1.933449 
 1.58252 
-6.346878 
-5.916525 
-10.15105 
 3.668383 
 9.807131 
 20.50532 
 5.916389 
-8.552337 
-7.607726 
-18.50986 
-25.76728 
-19.83576 
-3.932613 
 3.054022 
 11.57559 
-6.199381 
-13.86853 
-7.457758 
 10.72165 
 17.70283 
 2.737339 
 5.629407 
 9.652714 
 21.89024 
 17.13879 
 14.08272 
 7.118827 
 5.090713 
 14.54281 
 24.7934 
 23.12822 
 33.37145 
 13.81915 
 23.83925 
 33.27227 
 21.61642 
 32.65011 
 21.82873 
 23.09186 
 20.24176 
 11.57329 
 8.63874 
 14.87905 
 17.25016 
 14.04884 
-5.918655 
 .4744856 
 13.46063 
 4.674026 
 2.143053 
 15.30781 
 12.5774 
 8.493928 
-3.964607 
-.8874284 
-9.587353 
-6.944819 
 2.869434 
-12.84551 
-8.047148 
-7.948599 
-5.581451 
-12.56224 
-4.703758 
-9.346766 
-2.539817 
 9.231146 
 1.534595 
-6.931768 
-18.04513 
-3.461915 
-7.470422 
-3.092361 
-10.68117 
-11.61328 
 4.180405 
-2.592842 
-11.26647 
-22.7739 
-24.108 
-3.549226 
-18.48139 
 .2727633 
-10.10174 
-17.15042 
-9.298433 
-17.55626 
-9.135564 
-6.854124 
-13.86745 
-23.68664 
-12.15104 
-21.11262 
-27.48943 
-37.18908 
-39.49391 
-39.58897 
-30.83193 
-18.44578 
-6.424813 
-6.107759 
-10.53588 
-.3396157 
 16.38906 
 11.51926 
-1.579911 
 8.188743 
-4.441546 
-15.01492 
-7.336566 
-14.84867 
-.2631821 
-.9940817 
-14.1181 
-3.498402 
 8.182483 
 1.363499 
-10.18181 
-1.234841 
 3.831399 
 16.16993 
 22.95632 
 8.458431 
 19.88078 
 26.44431 
 8.082778 
-7.78318 
-20.03952 
-24.01478 
-27.72363 
-35.7192 
-24.11503 
-18.55398 
-21.15902 
-12.67122 
-26.10687 
-21.61189 
-30.67686 
-22.253 
-14.41047 
 2.871141 
 1.712961 
-7.387771 
 11.1525 
 2.936537 
 .626707 
 14.87833 
 9.443706 
 16.27084 
-.1710899 
-9.111989 
 3.228463 
-11.65704 
-18.20168 
-29.18322 
-31.35276 
-27.69672 
-14.32264 
-7.891694 
 7.29869 
 15.40675 
 16.21867 
 20.49304 
 31.748 
 16.63429 
 6.415027 
 8.140285 
 21.44845 
 31.52003 
 31.44223 
 18.73048 
 1.50647 
 1.441742 
-12.81008 
-17.19557 
-18.58707 
-.1613199 
 11.91527 
-.5339054 
-14.58713 
-15.65514 
-3.037818 
 13.20508 
 15.09654 
 10.80149 
 .4947141 
-8.464207 
 1.188567 
 9.208812 
-4.372845 
 3.532743 
-9.116087 
-14.76391 
-11.96082 
-15.69657 
 .9058079 
 6.72738 
 10.33557 
 19.784 
 9.590468 
 2.223361 
 13.93535 
 21.84182 
 27.69969 
 32.94158 
 32.46837 
 25.12837 
 15.51539 
 16.76054 
-.5253066 
-9.504082 
 1.796257 
-13.3251 
-14.33776 
-26.71645 
-13.76023 
-11.09328 
-1.126782 
-2.64196 
-5.205804 
 5.902242 
 13.85577 
 13.23639 
 5.839287 
-9.340693 
-5.016899 
-5.966137 
-9.186851 
-2.483158 
 1.600686 
 2.280561 
 8.268757 
-8.295463 
-12.71959 
-3.997662 
 4.67307 
 14.73846 
 16.05288 
-2.313387 
 3.892908 
 16.81891 
 28.6781 
 26.66838 
 22.00484 
 25.66162 
 10.96156 
 12.14836 
 9.339206 
 7.644803 
 1.228614 
-4.614624 
-10.31359 
-9.836153 
 3.800455 
-1.639377 
-14.92444 
-6.237635 
 .5125853 
 9.991849 
 5.696668 
-10.90599 
-10.23955 
 1.948727 
 3.607446 
 2.982876 
 13.83877 
 11.3019 
 21.10119 
 11.88367 
-2.537288 
-14.76424 
-4.056806 
-15.70693 
-21.05855 
-30.06592 
-25.39393 
-24.215 
-14.21392 
 .6740355 
 2.97385 
 18.07728 
 29.95475 
 24.9634 
 17.18437 
 16.63135 
 16.97005 
 3.794179 
 14.73486 
 7.089485 
 6.903848 
-11.36411 
-20.58979 
-5.170718 
-5.4204 
 5.552711 
 3.331474 
-11.71831 
-17.92604 
-29.64324 
-30.57921 
-27.81771 
-20.26624 
-4.622318 
-18.28585 
-7.367351 
 .5092576 
-8.308706 
-7.501883 
 3.526423 
 13.97224 
 24.0013 
 16.83689 
 4.710725 
-1.651587 
 7.810908 
 18.12506 
 2.92881 
-.5217586 
-6.647374 
-16.22871 
-7.38017 
-22.46309 
-8.671674 
-6.08511 
 7.197745 
 19.74955 
 21.19862 
 31.58262 
 13.57065 
 2.770676 
 14.21151 
 26.59302 
 28.59837 
 7.213853 
 8.064055E-02 
-8.744788 
-22.47236 
-30.8729 
-15.22674 
-5.701695 
 9.417912 
-5.220004 
 9.904394 
 13.27637 
 19.68717 
 6.557673 
 9.378424 
 10.20237 
-6.787037 
-5.22842 
 5.722938 
 7.262402 
 18.86164 
 25.14922 
 25.79185 
 22.49855 
 2.491634 
-10.89864 
-4.438466 
-2.163974 
-10.79769 
-.4038345 
 5.150181 
 20.32384 
 11.73206 
-7.218752 
 5.006488 
 13.12197 
 11.27972 
 .450473 
-7.146704 
-19.05119 
-8.975721 
 3.227959 
-12.34951 
-.9942067 
 14.45191 
 9.859575 
 17.38324 
 18.72737 
 3.793931 
-8.829882 
 3.481103 
 6.914793 
 5.576282 
 13.23358 
 9.140468 
 2.456051 
-3.2717 
-8.152102 
 2.53329 
 10.54388 
 12.29449 
 6.177257 
-8.840866 
-11.42086 
-18.66601 
-8.12224 
-9.342671 
-17.18965 
-9.448566 
 7.615831 
 4.938863 
 12.45915 
 25.05275 
 6.683489 
 4.816134 
-5.177174 
-15.00978 
-2.207333 
 12.19166 
-4.055483 
-5.223256 
 1.171234 
 1.507052 
 12.08088 
 22.74161 
 21.9519 
 25.15677 
 32.99485 
 29.35523 
 34.10719 
 18.38062 
 1.944134 
 10.7096 
-6.643692 
 5.634983 
-8.192057 
-19.25656 
-20.09088 
-22.91294 
-32.64126 
-19.39617 
-.2552027 
 16.46015 
 18.95539 
 20.88821 
 12.33447 
 4.785021 
 8.788779 
 18.60815 
 30.14228 
 28.20595 
 36.78242 
 36.02347 
 20.58279 
 1.842626 
 8.53162 
 5.693264 
-5.810802 
-15.3863 
-20.87995 
-6.629741 
 9.34369 
 .1256839 
-9.410778 
-21.29419 
-16.95066 
-13.56224 
-16.73642 
-29.15849 
-30.03032 
-20.36517 
-3.527205 
-15.72552 
-28.35308 
-21.86793 
-2.714757 
 6.651891 
 17.58643 
 24.53396 
 19.84166 
 11.67925 
 19.82256 
 20.55655 
 6.661345 
 20.8513 
 10.52689 
 13.55432 
 21.14756 
 20.96919 
 7.461312 
 2.964393 
-1.892904 
 6.594553 
 17.66888 
 30.04386 
 23.96821 
 33.91823 
 24.66571 
 27.40023 
 36.17842 
 38.50687 
 38.369 
 28.56084 
 10.21791 
 2.858902 
 18.06359 
 18.65818 
 13.79875 
-3.483668 
 9.115131 
-8.331884 
-9.800552 
-17.46052 
-26.4351 
-17.16497 
 2.823038 
-12.80437 
-24.04156 
-21.69184 
-10.74329 
 1.885688 
 3.099902 
-10.21308 
-12.25205 
-12.75339 
 5.653719 
 4.89046 
 6.862427 
 15.67679 
 20.94587 
 8.414912 
-8.196598 
-8.947119 
-21.04561 
-29.44732 
-24.02023 
-8.743769 
-4.189381 
-17.39565 
-16.30949 
-10.5013 
-4.355639 
-14.42335 
-1.162961 
 5.631825 
 8.671965 
-6.312239 
-14.29998 
 2.578014 
 12.00289 
 8.250129 
 17.03154 
 8.56249 
 19.97773 
 30.80898 
 15.0403 
 17.40919 
 12.2126 
-6.427813 
 10.18333 
-7.778176 
-16.69681 
-5.9131 
 2.006065 
 9.552823 
 7.904808 
 10.87442 
 2.148135 
 12.83025 
 13.66821 
 9.473223 
 15.32358 
-1.616783 
-3.512044 
-7.323089 
-14.19944 
-18.88102 
-26.43938 
-7.66209 
 10.71219 
 5.351202 
 13.30711 
-6.100088 
 4.456719 
 11.46379 
-5.704247 
-2.044069 
-17.48148 
-14.75722 
-5.499038 
 2.104249 
-10.94768 
-23.5696 
-18.31807 
-7.072981 
 6.974507 
 11.13159 
 3.537986 
-6.221132 
-13.17623 
 2.890013 
 14.50089 
 10.02201 
 7.396947 
 9.498122 
 10.60898 
 17.43784 
 6.139956 
-1.253876 
-2.695549 
-.925607 
-6.598275 
-5.200303 
-11.19949 
-18.90113 
-29.00485 
-28.15788 
-10.00696 
-3.762757 
 5.718439 
 10.16717 
 20.15397 
 20.36826 
 21.00434 
 7.931849 
 5.487 
 18.90476 
 18.50781 
 1.705461 
 13.59072 
-5.040797 
 6.138529 
-1.446781E-02 
-13.11665 
-2.41844 
 4.924436 
 20.60348 
 12.05823 
 11.45905 
 6.824486 
-2.292561 
-7.94945 
 2.143626 
-6.807283 
-20.2316 
-11.52731 
-20.13892 
-24.0377 
-17.27619 
-29.86288 
-14.34311 
-12.48482 
-19.39504 
-20.88331 
-31.02686 
-38.24237 
-44.27274 
-19.71718 
-30.53045 
-7.51978 
-22.12238 
-22.48211 
-26.89119 
-21.18761 
-11.00721 
-20.77947 
-2.19999 
-5.017308 
-15.10768 
-25.68986 
-6.691165 
-13.66224 
-9.470464 
-6.232411 
-16.07862 
-2.418623 
 14.89109 
-3.582573 
-16.78243 
-1.802289 
 7.818656 
 .5572709 
 5.266322 
-7.292353 
 10.65355 
 2.342138 
-12.37545 
 4.096405 
 15.51124 
 15.52451 
 18.34922 
 29.87584 
 14.1682 
-4.171525 
 10.80888 
 19.98166 
 4.759226 
 10.94497 
 14.03903 
 14.91693 
-4.656219 
 12.07296 
 22.78487 
 8.584308 
 6.356803 
 17.50114 
 11.80672 
 25.76046 
 10.65347 
 20.6694 
 2.615404 
-2.998859 
-4.19416 
 .6967448 
 15.21839 
 25.4035 
 32.90071 
 13.74859 
 23.06464 
 23.8414 
 4.336347 
-3.183918 
-1.451616 
 3.290013 
 9.41368 
 .1842095 
-6.653962 
-8.100402 
-11.27512 
-4.068647 
 2.167944 
-1.872213 
-2.432339 
-8.13014 
 2.47924 
 16.54127 
 15.01857 
-1.036198 
-8.944616 
 5.903068 
 9.762139 
 2.441649 
-1.899578 
-6.749073 
 10.14469 
 11.99722 
 2.098868 
 8.925398 
 18.90996 
 .9416307 
 3.613807 
 17.46676 
 .5954495 
 10.79256 
-1.171049 
 15.76043 
 6.007888 
-1.030464 
-.1515555 
 7.046334 
 7.399997 
 11.67422 
 10.21149 
 16.31668 
 9.852952 
 4.661124 
 7.627948 
 18.5768 
 2.938939 
-12.2486 
-18.06244 
-14.57581 
-21.88176 
-7.603906 
-19.79611 
-20.75164 
-8.805829 
-18.7922 
-19.22892 
-10.534 
 1.054164 
-1.696721 
-5.307679 
-14.20991 
-15.09547 
 1.463978 
-1.75873 
-15.18672 
 4.7615 
 2.287866 
 9.648509 
 .0180276 
-9.539021 
-3.294691 
 13.00596 
 17.47423 
 22.7385 
 18.94275 
 19.26371 
 18.00701 
 20.06783 
 14.91375 
-3.248725 
 8.543188 
 13.98873 
 8.190505 
 1.481264 
 13.32702 
-2.480653 
 13.41733 
 20.48619 
 21.34873 
 17.96063 
 11.32066 
 5.787613 
-12.27826 
-17.4337 
-19.07924 
-5.500762 
 10.86135 
 12.34317 
 24.74875 
 5.544905 
 9.195209 
 14.83038 
 2.822631 
 5.103539 
-1.536886 
-3.054963 
 13.97973 
 26.70309 
 24.52017 
 20.13881 
 3.78212 
-1.359849 
 14.25629 
-.1243171 
 2.627686 
-2.812422 
-3.822591 
 .1273472 
 11.53843 
 1.269123 
 13.33839 
-3.71149 
-6.94245 
 6.061457 
 17.44629 
 2.800441 
 16.29379 
 27.65555 
 24.64971 
 6.025947 
 200 
 4 
 50 
