-.5711868 
-.8062763 
 .2171941 
 1.028511 
 .6641751 
 1.951263 
 2.972149 
 1.699998 
 2.942115 
 2.53218 
 2.576751 
 3.299264 
 2.016222 
 2.255181 
 2.1452 
 1.558738 
 1.886908 
 2.282187 
 1.598112 
 .9643532 
 1.878389 
 2.768814 
 2.991094 
 4.322746 
 5.43082 
 4.612159 
 5.1129 
 6.406489 
 5.625958 
 5.665114 
 4.506693 
 5.860644 
 6.295985 
 4.877415 
 5.03967 
 3.869749 
 2.71973 
 3.529805 
 2.89131 
 1.590309 
 1.002641 
 .6622936 
 9.836941E-02 
 1.353584 
 2.683908 
 2.381141 
 1.736655 
 .7685533 
-.1832982 
 .2290225 
-2.507801E-02 
-.2691195 
 .3292803 
-.160676 
 .213872 
-.607198 
-1.480481 
-1.232382 
-2.394357 
-2.488348 
-1.327496 
-1.982622 
-1.164277 
-1.491874 
-2.06613 
-.8712398 
-.4936792 
-.1313396 
-.3303916 
-1.452964 
-1.26764 
-.7104479 
 .4551704 
 1.388293 
 3.770781E-02 
 .1587625 
 1.322626 
 1.114232 
 1.601529 
 1.592544 
 1.615247 
 1.495583 
 1.070437 
 .7933338 
 .1406301 
-1.105288 
-1.811687 
-.4521285 
-1.677272 
-1.967896 
-2.326482 
-2.331746 
-3.272949 
-3.312068 
-3.959029 
-3.559271 
-3.406216 
-4.33499 
-3.063957 
-2.600958 
-2.558158 
-2.839556 
-3.910957 
-3.076928 
-3.159486 
-2.41777 
-2.124726 
-1.171904 
-2.507981 
-3.29424 
-4.454735 
-5.515528 
-5.932245 
-6.914567 
-8.245643 
-8.060964 
-7.541332 
-7.343407 
-6.353808 
-7.461774 
-8.250643 
-7.66792 
-7.720238 
-8.044195 
-8.944751 
-8.283794 
-7.000995 
-6.84707 
-7.928455 
-7.128204 
-7.332512 
-7.366681 
-7.315683 
-8.062017 
-8.459007 
-9.508224 
-9.162626 
-9.996401 
-8.69992 
-9.739748 
-9.800524 
-10.33933 
-9.193675 
-8.400617 
-8.9533 
-8.378368 
-8.976956 
-10.03654 
-11.2507 
-11.63578 
-10.70809 
-11.16983 
-11.80056 
-11.7384 
-12.3094 
-12.63389 
-13.78318 
-13.69592 
-14.38359 
-13.22033 
-12.84124 
-12.00025 
-10.68318 
-11.05063 
-10.82096 
-11.88807 
-11.39406 
-11.53319 
-10.12962 
-11.10854 
-9.812734 
-9.378941 
-9.71251 
-10.59861 
-10.54974 
-11.23106 
-9.737205 
-10.67578 
-11.88939 
-12.20465 
-11.95032 
-10.64754 
-10.43502 
-10.59376 
-9.516438 
-8.508646 
-7.941532 
-7.241503 
-5.778635 
-6.170031 
-6.122352 
-6.305462 
-5.69616 
-6.538448 
-6.689572 
-6.502425 
-5.556853 
-5.387259 
-5.536857 
-5.456642 
-6.164943 
-5.770128 
-5.741477 
-5.17826 
-4.044347 
-4.366916 
-4.876769 
-5.408545 
-6.334271 
-6.188044 
-6.90176 
-6.596708 
-6.913768 
-5.792427 
-5.796646 
-6.60561 
-6.024756 
-5.272236 
-4.90097 
-4.062337 
-4.969377 
-4.058262 
-4.850875 
-3.523719 
-4.704631 
-5.885974 
-5.00662 
-5.294207 
-5.34377 
-6.356298 
-7.370211 
-8.210812 
-9.394975 
-8.700378 
-8.52176 
-8.266534 
-8.977953 
-8.97866 
-8.199864 
-7.4121 
-7.621746 
-6.417436 
-5.664973 
-6.761092 
-6.317294 
-5.658178 
-6.958451 
-7.08238 
-7.286748 
-7.84387 
-6.406955 
-5.496148 
-4.892565 
-5.074881 
-4.367969 
-4.948744 
-5.301366 
-5.435225 
-4.135304 
-5.154181 
-4.694424 
-5.074077 
-6.131596 
-6.951893 
-8.065723 
-8.174167 
-6.807082 
-6.621985 
-6.572168 
-5.18259 
-5.921557 
-6.201804 
-6.43208 
-6.980278 
-6.901726 
-7.845095 
-7.719097 
-6.339453 
-6.115659 
-4.909163 
-4.420173 
-4.541313 
-3.955883 
-5.136324 
-4.368302 
-3.763527 
-3.734467 
-4.662418 
-5.389907 
-5.823412 
-4.969066 
-6.179322 
-6.067688 
-5.28782 
-4.393463 
-4.839462 
-3.467706 
-2.581295 
-2.066151 
-.9111606 
 .1502028 
-8.470408E-02 
-1.139393 
 .1437224 
 .9748576 
 1.514887 
 1.224339 
-.1423541 
-1.071349 
-2.001028 
-1.953996 
-2.197713 
-3.278946 
-3.87343 
-3.434488 
-2.422856 
-2.404554 
-3.255108 
-2.112185 
-2.447446 
-2.917335 
-2.130004 
-2.898633 
-3.018375 
-3.727724 
-2.631179 
-2.29587 
-2.624781 
-2.908235 
-1.869638 
-1.610464 
-.3859698 
-.3340023 
-.8059248 
 .2338807 
-.4431661 
-1.112164 
-2.000947 
-2.40972 
-3.779056 
-3.062979 
-2.078025 
-2.677494 
-2.082582 
-2.328382 
-1.432797 
-.7415224 
-.908748 
-2.081583 
-2.311243 
-2.738176 
-2.121425 
-2.626093 
-1.7634 
-2.72117 
-2.433813 
-1.13206 
-1.840146 
-.5898215 
-1.664013 
-.2914237 
 8.385019E-02 
 .3598597 
 1.483662 
 1.678626 
 .9483849 
 1.947602 
 .738 
 .5593811 
 1.281894 
 .556995 
 .2115263 
-7.832955E-02 
-3.137864E-03 
-.6461981 
-.4124719 
-1.221354 
-2.389054 
-1.257984 
-2.33368 
-1.883855 
-.7440993 
-1.488375 
-.2137128 
 .7578744 
 .5857512 
 .5575658 
 1.306778 
 2.231683 
 1.880731 
 1.009479 
 .512651 
 .2645913 
-.7106802 
-.3680649 
-1.486242 
-2.29752 
-1.735641 
-1.705969 
-2.576599 
-1.174954 
-1.243437 
-2.62008 
-2.801792 
-3.365732 
-2.625182 
-1.503443 
-.5870129 
-1.486054 
-2.566906 
-3.912877 
-4.849643 
-5.144938 
-5.96736 
-4.565388 
-3.478098 
-3.21542 
-2.541136 
-3.510125 
-4.153662 
-5.433645 
-4.46159 
-3.623849 
-2.772611 
-3.213694 
-3.319258 
-3.132053 
-2.25159 
-2.0501 
-2.859897 
-3.650442 
-3.99323 
-3.747808 
-4.14706 
-4.026945 
-4.195748 
-3.949738 
-5.170695 
-4.9862 
-5.758797 
-4.406085 
-3.14973 
-1.739134 
-.7709305 
-1.017231 
-.1522587 
 1.219855 
 .5313126 
-.3855301 
 .1632703 
-1.190982 
-1.629804 
-1.074452 
-2.154896 
-3.226457 
-3.780983 
-4.026731 
-3.821575 
-4.313153 
-4.842909 
-3.932595 
-4.42681 
-4.730748 
-4.961049 
-3.955788 
-4.169787 
-3.499643 
-3.020389 
-3.252655 
-1.959334 
-1.532274 
-1.47205 
-2.232287 
-1.978427 
-1.262842 
-1.37224 
-.2262362 
-.8316466 
-.3542342 
 .7417945 
 .1222255 
-.2484835 
-1.606409 
-2.165546 
-.7885713 
-.049061 
 .1779186 
 .4720873 
-.1821622 
-.1574888 
 .6662654 
 1.660571 
 .5047852 
 .6170508 
 .3739594 
-.8244846 
-.9524871 
-.3860792 
-.3843373 
-.6411557 
 .6115828 
 1.962752 
 2.199395 
 2.267204 
 2.567005 
 1.391046 
 .493529 
-.1174819 
-1.463857 
-2.422231 
-2.62197 
-2.460403 
-2.272372 
-1.462937 
-2.728392 
-2.965332 
-4.170983 
-4.656621 
-4.32195 
-4.22961 
-3.917667 
-4.355999 
-3.166662 
-2.378993 
-2.14296 
-2.313291 
-1.63922 
-2.566895 
-3.774739 
-4.456204 
-3.687966 
-2.387767 
-2.797253 
-2.253575 
-1.41504 
-2.701993 
-1.851431 
-1.879339 
-2.68266 
-2.370165 
-1.201664 
 5.720729E-02 
 .4862181 
-.8779722 
-.4158232 
 .8896757 
-.4929689 
 .7821793 
-.4195696 
-.9942638 
-.7534283 
 .1162444 
-1.172232 
-2.407798 
-2.203873 
-2.700656 
-2.91936 
-2.862318 
-2.18005 
-2.295687 
-2.770319 
-3.935568 
-4.15211 
-3.906699 
-3.130331 
-2.874219 
-2.420416 
-1.534791 
-1.75237 
-.9032586 
-.2754109 
 .2687876 
 .912558 
 4.185227E-02 
 .8077626 
-.4048341 
-1.106338 
 .1659645 
 1.06013 
 .2640292 
-.6228908 
-1.353458 
-.1486159 
-.8262355 
-1.501607 
-.8860871 
-.4156036 
 .3526999 
 1.074086 
 .5270736 
 1.430829 
 2.029376 
 3.118167 
 2.310266 
 1.884318 
 2.01493 
 1.590536 
 .7467191 
 .9604436 
 1.314954 
 .2922083 
-.9401369 
-.5550371 
 .3985641 
 .7892621 
 .5712175 
-.3106688 
-.3202462 
 1.007891 
 1.752262 
 1.400521 
 1.34355 
 1.4619 
 1.934557 
 .6221449 
 1.029874 
 2.13842 
 1.670268 
 .5818502 
 .3675534 
 1.124499 
 .7159974 
 .4624614 
 1.151192 
 .9622003 
 1.568299 
 1.571651 
 .6418729 
 .0139839 
-1.142008 
 .2105096 
-.3976303 
-6.296213E-02 
-.6038581 
 .3887367 
-.1220792 
 .706367 
-.2124529 
-.7703435 
-1.959271 
-1.958472 
-2.071182 
-1.776807 
-3.074673 
-3.553219 
-4.538411 
-4.978065 
-4.200638 
-3.802558 
-2.466618 
-1.524577 
-1.358218 
-1.045525 
-1.902706 
-.758108 
-1.258629 
-.9647593 
-.6828348 
 7.173804E-02 
 .6729144 
 1.190236 
 1.907941 
 1.211502 
 1.338771 
 1.351046 
 1.520319 
 .8936817 
 .6491285 
 .2240561 
 1.543527 
 1.580528 
 1.796829 
 1.681029 
 .3538948 
 8.018745E-03 
-1.006687 
-.5649574 
-1.530462 
-2.361033 
-2.686592 
-3.792524 
-3.431844 
-2.831042 
-2.972225 
-3.164375 
-3.592191 
-2.994205 
-3.768023 
-5.007897 
-3.877165 
-5.118015 
-5.182989 
-4.462419 
-3.703399 
-2.763375 
-3.549049 
-3.601462 
-2.535237 
-1.59064 
-1.825803 
-1.912741 
-2.317031 
-2.99624 
-2.106729 
-1.96178 
-1.835238 
-1.462298 
-2.601232 
-1.984429 
-2.642525 
-3.855356 
-4.446686 
-3.112784 
-3.566489 
-3.117561 
-3.469043 
-3.799012 
-4.246306 
-5.003057 
-5.759117 
-5.917255 
-5.529624 
-6.198838 
-5.616242 
-5.308795 
-4.968316 
-6.098795 
-7.313534 
-8.212284 
-8.84165 
-9.037637 
-8.713124 
-9.221585 
-8.188291 
-6.992416 
-6.848645 
-7.095781 
-8.418135 
-9.032457 
-9.887222 
-9.382895 
-7.942581 
-8.390668 
-9.033746 
-7.88408 
-8.84318 
-8.560165 
-8.175939 
-7.786392 
-7.166391 
-6.115225 
-7.181691 
-7.40618 
-6.428855 
-7.014531 
-6.44539 
-6.672263 
-5.66975 
-5.801726 
-4.803453 
-5.543413 
-4.841248 
-3.675664 
-4.429951 
-3.035888 
-1.701602 
-.6447905 
-.5745445 
-.1461928 
-.2660568 
-1.22523 
-.8124564 
-.4889261 
 .5071713 
 .1304782 
-1.122298 
-1.094899 
-2.331322 
-2.65843 
-2.768659 
-3.306943 
-1.962599 
-3.307325 
-2.854466 
-2.506915 
-2.389 
-3.683218 
-3.039373 
-3.530049 
-2.147355 
-2.711237 
-3.063007 
-3.531952 
-3.90588 
-4.607563 
-4.301946 
-3.692855 
-4.305509 
-4.051872 
-3.796534 
-2.384677 
-1.152966 
-1.841731 
-.9552002 
-.1899717 
-.4465843 
-7.832055E-02 
-9.520738E-02 
-9.841949E-02 
-1.124766 
 .2009233 
-.7038642 
-.4461025 
 6.679129E-02 
-1.027257 
-.5943182 
 7.841323E-02 
 .8619114 
 .6616672 
-.5134039 
-.5091538 
-.2950189 
-1.525188 
-1.755289 
-2.806974 
-3.770456 
-4.252362 
-2.836002 
-2.515775 
-3.121063 
-3.324555 
-3.375615 
-4.565392 
-4.637474 
-4.76689 
-3.473307 
-4.074486 
-4.948255 
-4.882199 
-5.271564 
-5.183117 
-5.421619 
-6.041636 
-7.193471 
-6.727041 
-7.03918 
-6.839712 
-5.70321 
-5.862308 
-5.539638 
-5.818597 
-7.000948 
-8.025371 
-8.937683 
-9.843473 
-9.017541 
-9.587377 
-10.50479 
-11.68274 
-11.02777 
-9.953866 
-9.806721 
-8.868195 
-7.426291 
-7.283876 
-8.421286 
-7.987704 
-8.386511 
-8.924019 
-8.323533 
-8.515457 
-8.754923 
-9.493377 
-8.34663 
-9.240623 
-9.424627 
-9.026199 
-8.799164 
-8.06947 
-9.044436 
-9.445059 
-10.72988 
-9.82992 
-8.55192 
-9.028744 
-9.70648 
-8.341423 
-9.129438 
-9.271128 
-9.563903 
-9.95985 
-8.518078 
-8.212387 
-8.056626 
-9.001553 
-7.795993 
-9.031771 
-8.123041 
-7.428735 
-8.071681 
-6.75335 
-6.77938 
-6.084941 
-6.313169 
-7.001206 
-6.6444 
-6.43541 
-6.478823 
-5.996597 
-5.192215 
-6.358547 
-7.255498 
-8.303278 
-9.47774 
-9.255989 
-7.884189 
-8.573091 
-8.917886 
-7.73615 
-7.713733 
-8.387954 
-7.325364 
-8.461074 
-9.404684 
-8.011528 
-6.997105 
-6.022076 
-4.571592 
-5.256886 
-4.748954 
-4.348773 
-2.987526 
-3.179926 
-4.3899 
-3.287167 
-4.199013 
-4.860054 
-4.509614 
-4.842113 
-4.713108 
-3.494775 
-3.329589 
-2.00927 
-1.248326 
-1.502088 
-.7700928 
-.5558183 
-.7042074 
-1.969809 
-3.242418 
-3.593462 
-3.793151 
-4.13248 
-3.724482 
-4.584479 
-4.722955 
-5.638692 
-4.265015 
-4.853619 
-6.041206 
-5.127925 
-4.489012 
-5.139058 
-4.275233 
-3.196213 
-1.80998 
-2.433289 
-2.512893 
-1.331586 
-.1336376 
-.132121 
 .9458894 
 1.139549 
 .9103847 
 1.795624 
 2.412843 
 3.49662 
 2.491721 
 3.234444 
 3.668988 
 4.792324 
 5.678586 
 6.399646 
 7.110243 
 6.966249 
 7.563268 
 7.669301 
 6.65385 
 6.060114 
 5.910107 
 6.955667 
 7.912404 
 7.510103 
 8.739339 
 8.661613 
 9.931659 
 9.684469 
 10.37028 
 9.731521 
 8.455767 
 9.435559 
 9.564049 
 10.48205 
 11.24525 
 11.88404 
 12.95371 
 11.56609 
 12.36134 
 11.47763 
 10.73347 
 9.374381 
 10.4103 
 11.67369 
 10.89236 
 10.89608 
 10.34868 
 9.442848 
 8.512713 
 7.390597 
 7.611129 
 7.776888 
 8.699573 
 7.460316 
 6.547192 
 6.857728 
 6.679158 
 6.01311 
 6.887543 
 6.278718 
 7.544573 
 7.181827 
 7.927462 
 8.705394 
 8.920897 
 8.42995 
 8.586011 
 8.95115 
 9.095637 
 7.770172 
 8.645996 
 7.32551 
 6.276473 
 5.698648 
 5.462028 
 5.193347 
 6.140003 
 4.836565 
 5.90125 
 5.114383 
 3.810866 
 4.558322 
 3.215768 
 2.165489 
 2.617846 
 1.928016 
 2.867369 
 2.02734 
 1.240551 
 1.245499 
 1.568223 
 1.851629 
 .7137293 
 1.947218 
 1.599237 
 1.155911 
-.1443254 
 .9496685 
 .9222143 
 .6537101 
 1.854838 
 1.139843 
 1.279941 
-8.395961E-03 
 .8713802 
 .7785963 
 .8986998 
 .5442572 
-.4494903 
 .2077203 
-.5775657 
-1.383285 
-1.864799 
-2.059747 
-1.363791 
-2.418825 
-2.574816 
-1.640362 
-1.418851 
-.6515613 
-1.222138 
-2.412751 
-2.042179 
-2.014981 
-1.467524 
-1.866446 
-1.475446 
-2.411288 
-1.248606 
-1.601379 
-.7036541 
-1.637552 
-1.623663 
-2.913364 
-2.191044 
-1.215238 
-1.778458 
-1.981633 
-1.92205 
-3.292244 
-2.796128 
-1.43384 
-2.558304 
-1.747569 
-3.006808 
-1.672358 
-.2563689 
 .2745619 
 .7980404 
-.1075426 
-1.017424 
 .2995842 
 .8425254 
 1.912737 
 .8498479 
-.1374948 
-.7804351 
-2.084682 
-2.556649 
-1.406012 
-2.121352 
-1.537767 
-.5960547 
-1.746911 
-.8381287 
 .0454131 
-.789021 
-1.890254 
-1.52452 
-2.697529 
-2.326949 
-2.41156 
-1.147094 
-1.995602 
-2.54216 
-2.217965 
-2.904945 
-3.40011 
-4.505063 
-5.85139 
-4.513947 
-3.814576 
-3.979182 
-4.052989 
-4.123682 
-3.085206 
-3.303466 
-2.691557 
-3.011753 
-3.299273 
-4.002861 
-4.726891 
-5.884729 
-5.013708 
-4.06065 
-4.489933 
-4.669566 
-3.240076 
-2.650737 
-2.651005 
-1.691164 
-2.12265 
-3.074899 
-1.908134 
-1.85909 
-1.032814 
-.7013748 
-1.127234 
 .1790366 
-.1836601 
-.7319617 
-1.512813 
-.7305381 
 .3795642 
-.7062241 
 .4317894 
 .7682378 
 1.853083 
 2.55405 
 2.04685 
 2.133761 
 3.020337 
 2.019419 
 2.820642 
 2.592902 
 2.690078 
 1.463301 
 .2069027 
 1.143953 
 2.488563 
 1.11769 
 1.545265 
 2.801951 
 1.71008 
 1.369742 
 1.336012 
 2.443139 
 1.49316 
 2.389711 
 2.793749 
 1.988362 
 .6994014 
 1.844597 
 1.80037 
 2.259831 
 1.021594 
-.3506054 
 .9294132 
 .1078422 
 1.207201 
 1.042854 
 .1082482 
-.4877548 
 .2174718 
 1.206264 
 .5107905 
 7.804128E-02 
 1.108007 
 2.10131 
 1.844468 
 2.094134 
 1.203928 
 2.436222 
 1.735874 
 .3679733 
-.1335858 
 .1483821 
-.1922166 
 .2077637 
 .8833844 
 1.466094 
 .5690407 
-.6756813 
-1.380086 
-2.211546 
-.85661 
-1.75135 
-1.297008 
-.1388721 
-.7767704 
-1.451242 
-.6778412 
 .052981 
-.2578804 
-1.220774 
-1.010268 
-2.06408 
-2.683348 
-1.657121 
-1.167247 
-1.252677 
-1.054999 
-1.794431 
-3.131534 
-3.785788 
-2.481225 
-3.702804 
-2.678272 
-3.82567 
-3.170787 
-3.78835 
-2.595745 
-3.821062 
-3.50854 
-3.475265 
-2.389781 
-2.519508 
-1.56851 
-.6390573 
-1.834865 
-1.590031 
-1.552528 
-.7182989 
-.9054586 
 .4395314 
-.5677584 
-7.878193E-02 
 .4614382 
 1.11025 
 1.089308 
 2.447854 
 3.412533 
 2.462866 
 2.898074 
 2.242786 
 3.257994 
 3.87976 
 3.546418 
 2.384086 
 2.690747 
 1.565061 
 2.034942 
 1.481772 
 .3108153 
 .6799084 
 .8094869 
 1.023712 
 1.96785 
 3.162889 
 2.322217 
 1.314398 
 1.906629 
 2.758039 
 2.227311 
 3.183038 
 3.929922 
 3.561557 
 3.762199 
 3.363303 
 3.390711 
 3.286234 
 3.496784 
 4.230999 
 3.703231 
 3.001779 
 3.99654 
 3.282053 
 2.293337 
 1.319253 
 .5821421 
-.3300443 
-.2596222 
 1.035823 
 .7291207 
 .1550849 
 .635599 
-.1231143 
 .4182074 
-6.640068E-02 
-1.329783 
-7.080904E-02 
-.705309 
-.2092247 
 1.188814 
 .840184 
 .4548273 
 .3324417 
 .9432328 
 .249605 
 1.290469 
 2.065388 
 1.944834 
 .876735 
 2.481657E-02 
-.6897396 
 .7044828 
-.6590036 
-1.135394 
-.5312767 
-1.123269 
-1.625356 
-2.592193 
-3.062769 
-3.096448 
-1.877174 
-3.149488 
-2.380922 
-3.550842 
-3.152221 
-2.59759 
-1.793519 
-2.04132 
-1.293025 
-2.19456 
-.9502462 
-1.433557 
-2.626307 
-3.162042 
-2.710927 
-3.633848 
-2.538725 
-3.457093 
-3.604603 
-2.374241 
-2.443336 
-1.049869 
-1.231649 
-.474111 
 .1275705 
-.6983017 
-1.627723 
-1.160042 
 .2073835 
 .9715376 
 1.152755 
 .8155942 
 .183318 
 .921509 
 .1788424 
 .7326721 
 1.032226 
 .1456274 
 1.429975 
 2.30257 
 2.728742 
 1.492528 
 1.380677 
 .2442876 
 .6897335 
 1.463162 
 1.326616 
-6.176973E-02 
 2.645756E-02 
 .339994 
 1.354826 
 .8232797 
 .199931 
 .5150862 
 .1323218 
 .2568666 
 .6368061 
 1.067468 
 8.249562E-02 
 .6091609 
 1.846179 
 2.588195 
 3.804894 
 2.786605 
 2.20148 
 2.812674 
 2.093379 
 3.338811 
 4.571196 
 5.504839 
 6.579692 
 5.644482 
 6.78468 
 5.635289 
 6.397768 
 6.978063 
 8.123524 
 7.928974 
 8.994921 
 7.980937 
 7.891087 
 7.464921 
 7.665395 
 6.289074 
 5.798007 
 6.379143 
 5.132715 
 4.348285 
 3.092827 
 4.00116 
 3.127518 
 3.864723 
 5.162411 
 5.948407 
 5.834826 
 6.286327 
 5.599895 
 4.370073 
 3.877777 
 3.114814 
 2.910325 
 2.407284 
 2.780016 
 2.554783 
 3.486114 
 3.35577 
 3.178051 
 3.489765 
 3.935735 
 5.290098 
 3.94373 
 4.043362 
 2.754327 
 3.036037 
 2.080521 
 2.045386 
 1.879135 
 3.23138 
 3.478338 
 4.148728 
 3.508014 
 4.592204 
 5.519257 
 4.975489 
 5.948282 
 5.923393 
 5.052486 
 6.083416 
 5.986637 
 7.283674 
 5.892573 
 7.156165 
 8.063099 
 7.385703 
 6.48751 
 6.26414 
 6.720329 
 6.040901 
 7.28386 
 6.32532 
 6.696302 
 5.36912 
 6.367355 
 5.056906 
 4.967986 
 4.84079 
 3.699264 
 2.539001 
 2.134471 
 .8643306 
 2.151857 
 3.508763 
 3.682008 
 2.259564 
 2.569307 
 3.237569 
 2.89428 
 3.054385 
 2.081261 
 2.532547 
 1.700061 
 1.944583 
 2.912161 
 3.025398 
 4.30218 
 3.905828 
 4.219549 
 3.160877 
 3.798039 
 4.365022 
 5.368749 
 6.208519 
 6.608266 
 5.904703 
 5.713092 
 5.911658 
 4.659515 
 3.541946 
 4.764562 
 4.027754 
 5.046731 
 5.214356 
 4.31795 
 5.299196 
 4.444386 
 3.863016 
 2.557252 
 2.385396 
 1.885693 
 2.205754 
 1.824872 
 3.026773 
 3.648067 
 2.390689 
 1.921895 
 1.576802 
 1.761795 
 1.038903 
 2.244652 
 1.989334 
 1.364202 
 2.544442 
 3.095004 
 4.282412 
 4.19077 
 3.647779 
 4.452404 
 3.191222 
 2.03439 
 2.580933 
 1.770226 
 1.377422 
 2.119511 
 1.305684 
 .837476 
 .2088318 
 .1641849 
 1.464494 
 1.911765 
 2.821099 
 2.708077 
 2.202534 
 3.2075 
 3.437964 
 2.93017 
 3.047619 
 1.690741 
 2.729203 
 2.549406 
 2.7093 
 1.735427 
 .8475444 
 1.123725 
-9.566792E-02 
 1.282204 
 2.496132 
 3.561477 
 4.513024 
 5.728493 
 5.345988 
 6.246949 
 5.858176 
 5.666632 
 6.567631 
 7.401657 
 7.686263 
 7.361833 
 6.271988 
 6.684361 
 5.586811 
 4.137933 
 3.551885 
 3.765875 
 3.302745 
 3.771701 
 3.870891 
 3.238142 
 2.407315 
 2.213299 
 2.014078 
 1.628139 
 2.967371 
 2.489492 
 2.073015 
 3.378167 
 2.781676 
 2.091468 
 1.326654 
 1.779624 
 1.825721 
 3.020242 
 2.856441 
 3.058705 
 2.51415 
 1.588655 
 .4172615 
 1.28937 
 1.183323 
 1.035196 
 .5965958 
-.6733042 
 .6349224 
 .8836858 
 .2464738 
 .158099 
-.3087253 
 .6478744 
 1.221825 
 2.286608 
 1.445017 
 .3420288 
 .2531487 
-.8010129 
-1.750949 
-1.73484 
-.7766845 
-.2639191 
 .5052533 
-.7546203 
-1.503193 
-1.221582 
 .1579382 
 .9419657 
 2.866887E-02 
 .3211525 
 .760178 
 1.954465 
 1.960051 
 2.01534 
 1.68681 
 1.638096 
 2.504798 
 3.610488 
 3.911759 
 5.167517 
 4.131711 
 5.188268 
 6.377705 
 5.984082 
 7.25601 
 6.911094 
 7.366139 
 7.499155 
 7.092795 
 7.000652 
 7.61544 
 8.022319 
 8.007652 
 6.538754 
 6.891701 
 7.911502 
 7.361229 
 7.167679 
 8.231579 
 8.216724 
 8.03725 
 7.085426 
 7.194923 
 6.383849 
 6.356374 
 6.97569 
 5.655983 
 5.75236 
 5.549304 
 5.538632 
 4.79679 
 5.161351 
 4.634304 
 4.97476 
 5.854784 
 5.334348 
 4.607538 
 3.505675 
 4.336611 
 3.894257 
 4.076214 
 3.346057 
 3.030693 
 4.090222 
 3.567129 
 2.761461 
 1.562024 
 .9990679 
 2.23505 
 .9042505 
 2.099117 
 1.221609 
 .4302011 
 .7494863 
-.1223062 
 .2419185 
 .2539161 
-.462707 
-1.539824 
-1.020306 
-1.98774 
-2.902665 
-4.206869 
-5.069744 
-5.78467 
-5.758875 
-5.263915 
-4.566713 
-4.61834 
-5.057624 
-4.362411 
-2.935849 
-2.997151 
-3.834945 
-3.01565 
-3.87816 
-4.803398 
-4.405776 
-5.126954 
-4.149071 
-4.173763 
-5.241891 
-4.578356 
-3.629609 
-4.003335 
-4.896783 
-4.30017 
-3.860347 
-2.723534 
-1.8227 
-2.569047 
-1.432424 
-.4917403 
-1.505396 
-2.653723 
-3.79498 
-4.471907 
-5.196216 
-6.340621 
-5.998575 
-5.939512 
-6.452881 
-6.089478 
-7.388419 
-7.442358 
-8.536192 
-8.339962 
-8.032462 
-6.793406 
-6.767321 
-7.423598 
-5.951348 
-6.361209 
-6.433833 
-5.174037 
-5.289073 
-4.488416 
-5.49807 
-6.189758 
-5.277888 
-6.400476 
-7.104361 
-8.295393 
-8.95305 
-9.16178 
-8.490934 
-8.147169 
-6.955738 
-6.073281 
-5.650296 
-4.928259 
-3.551442 
-4.163273 
-4.652176 
-4.339777 
-3.035041 
-1.756971 
-1.141699 
-1.583688 
-2.639921 
-2.590278 
-3.721084 
-4.294215 
-4.697002 
-3.47599 
-2.441298 
-3.222998 
-4.368918 
-4.694078 
-3.899466 
-2.569581 
-2.133806 
-2.180079 
-2.807722 
-3.514779 
-2.840276 
-2.123013 
-3.053847 
-2.450625 
-3.409541 
-4.01981 
-4.03019 
-4.529994 
-3.406707 
-2.871932 
-2.41473 
-1.407644 
-1.861302 
-2.271081 
-1.232889 
-.2965983 
 .6118102 
 1.57236 
 2.149071 
 2.14048 
 1.802395 
 2.185481 
 1.049021 
 .2825725 
 1.036426 
-.1957356 
-.5334177 
-1.831506 
-1.249159 
-1.279038 
-.6510134 
-.7920585 
-1.047885 
-.2144231 
 .5616739 
 .7703118 
 .4018892 
-.7513427 
-.5637571 
-.7332317 
-1.107951 
-.716154 
-.4173722 
-.3260629 
 .2184131 
-1.001429 
-1.518138 
-1.022331 
-.3684595 
 .5610571 
 .9472921 
-.2802412 
 .193821 
 1.340483 
 2.63499 
 2.991776 
 3.086007 
 3.781175 
 3.014416 
 3.293342 
 3.260262 
 3.266267 
 2.847422 
 2.357308 
 1.771999 
 1.596377 
 2.524963 
 2.120868 
 .9646639 
 1.390696 
 1.818166 
 2.597565 
 2.406562 
 1.112546 
 .9477987 
 1.754738 
 1.912541 
 1.910879 
 2.8511 
 2.877431 
 3.879797 
 3.480134 
 2.475377 
 1.386359 
 1.979169 
 .9138556 
 .1590226 
-.9946779 
-1.173122 
-1.55044 
-1.16844 
-.1924493 
 1.345694E-02 
 1.325192 
 2.645496 
 2.778931 
 2.583732 
 2.841683 
 3.160564 
 2.35994 
 3.318314 
 2.932767 
 3.024234 
 1.608888 
 .608568 
 1.488846 
 1.354221 
 2.148575 
 2.049216 
 .8424083 
 9.362812E-02 
-1.224507 
-1.858503 
-2.196967 
-2.081164 
-1.14937 
-2.361833 
-1.781896 
-1.251091 
-1.96157 
-2.034418 
-1.241837 
-.2940508 
 .8100055 
 .6669208 
-2.435368E-02 
-.4623981 
 .296694 
 1.300456 
 .3725326 
 .1383125 
-.3820002 
-1.301723 
-.8648205 
-2.250906 
-1.513465 
-1.449843 
-.4485686 
 .7367279 
 1.22849 
 2.485514 
 1.569941 
 .9172868 
 1.911875 
 3.194129 
 3.838988 
 2.572594 
 2.092781 
 1.340356 
 1.888086E-02 
-1.110121 
-.3911197 
 .1121847 
 1.257949 
 .2098915 
 1.364322 
 1.820869 
 2.590024 
 1.850998 
 2.192761 
 2.419322 
 1.179435 
 1.167124 
 1.965204 
 2.183378 
 3.264712 
 4.116422 
 4.611248 
 4.786484 
 3.508211 
 2.408734 
 2.712659 
 2.789675 
 2.003242 
 2.639943 
 3.067511 
 4.39657 
 4.028875 
 2.639421 
 3.490601 
 4.226296 
 4.28298 
 3.557108 
 2.899323 
 1.744522 
 2.199086 
 3.019148 
 1.75691 
 2.446177 
 3.686218 
 3.545261 
 4.324294 
 4.726447 
 3.797987 
 2.78429 
 3.61027 
 3.926552 
 3.909045 
 4.613454 
 4.481435 
 4.05695 
 3.587989 
 3.084253 
 3.785197 
 4.461841 
 4.765272 
 4.445572 
 3.272232 
 2.85597 
 2.006764 
 2.505025 
 2.223096 
 1.369999 
 1.670013 
 2.890094 
 2.785087 
 3.477019 
 4.727799 
 3.635142 
 3.572147 
 2.798838 
 1.854933 
 2.612459 
 3.740594 
 2.587437 
 2.387039 
 2.794537 
 2.817226 
 3.696741 
 4.777503 
 5.100618 
 5.737277 
 6.814025 
 7.076783 
 7.96436 
 7.232825 
 6.148022 
 6.852694 
 5.548405 
 6.386249 
 5.282256 
 4.153608 
 3.673955 
 3.017906 
 1.740445 
 2.197829 
 3.394486 
 4.74476 
 5.220689 
 5.693021 
 5.32647 
 4.882987 
 5.259032 
 6.191302 
 7.445079 
 7.788411 
 8.964662 
 9.518083 
 8.831658 
 7.58185 
 8.097858 
 7.945438 
 7.020127 
 6.043641 
 5.232366 
 5.964186 
 7.105155 
 6.448088 
 5.59433 
 4.371186 
 4.280507 
 4.19465 
 3.629365 
 2.240468 
 1.586789 
 1.798318 
 2.78901 
 1.680286 
 .3129956 
 .3050889 
 1.474108 
 2.185679 
 3.20006 
 4.082792 
 4.122908 
 3.784351 
 4.647388 
 5.042418 
 4.232161 
 5.496933 
 4.984503 
 5.388516 
 6.225919 
 6.554923 
 5.769783 
 5.482092 
 5.081088 
 5.699657 
 6.689761 
 7.990455 
 7.98259 
 9.189787 
 8.980385 
 9.591585 
 10.75129 
 11.53196 
 12.14462 
 11.94514 
 10.85047 
 10.32753 
 11.54336 
 11.82481 
 11.66173 
 10.37494 
 11.25218 
 9.865975 
 9.486521 
 8.568268 
 7.403018 
 7.593073 
 8.849466 
 7.51759 
 6.264029 
 5.936279 
 6.37125 
 7.151449 
 7.217679 
 6.099558 
 5.673944 
 5.341202 
 6.573128 
 6.553033 
 6.745756 
 7.542871 
 8.206538 
 7.485765 
 6.192842 
 5.912016 
 4.676747 
 3.528886 
 3.380251 
 4.155465 
 4.325071 
 3.104698 
 2.830671 
 2.972506 
 3.252337 
 2.30016 
 3.102568 
 3.614089 
 3.938872 
 2.821198 
 2.008587 
 3.116812 
 3.918436 
 3.79798 
 4.648149 
 4.225037 
 5.295796 
 6.526301 
 5.742269 
 6.170601 
 6.011544 
 4.637461 
 5.848421 
 4.493453 
 3.558836 
 4.099421 
 4.603414 
 5.223312 
 5.217831 
 5.564456 
 4.992846 
 5.87211 
 6.129588 
 5.982427 
 6.590896 
 5.411972 
 5.169924 
 4.734763 
 3.976164 
 3.275584 
 2.253166 
 3.284019 
 4.631203 
 4.345325 
 5.065908 
 3.658467 
 4.382386 
 5.00662 
 3.750461 
 3.908061 
 2.547577 
 2.41352 
 2.875885 
 3.373687 
 2.296226 
 1.014912 
 .9892762 
 1.56255 
 2.578587 
 3.032166 
 2.584667 
 1.816086 
 1.10097 
 2.172284 
 3.170863 
 3.045374 
 2.989275 
 3.276075 
 3.518043 
 4.253985 
 3.607535 
 3.075231 
 2.900963 
 2.967612 
 2.449176 
 2.414566 
 1.792517 
 .9201579 
-.2908024 
-.7736694 
 .2021621 
 .5270873 
 1.237458 
 1.704464 
 2.712267 
 3.089633 
 3.502414 
 2.784345 
 2.705729 
 3.898942 
 4.189822 
 3.10719 
 4.096597 
 2.768637 
 3.573397 
 3.144498 
 2.024508 
 2.641823 
 3.179371 
 4.544984 
 4.185047 
 4.325023 
 4.11685 
 3.449458 
 2.901353 
 3.558782 
 2.820971 
 1.54718 
 1.867142 
 .9121553 
 .1930714 
 .2920523 
-1.087829 
-.3601837 
-.4772266 
-1.286002 
-1.768786 
-2.994437 
-4.159165 
-5.35224 
-4.107927 
-5.343703 
-3.964347 
-5.282514 
-5.684257 
-6.425353 
-6.40345 
-5.900458 
-6.864997 
-5.651782 
-5.872077 
-6.748483 
-7.850536 
-6.686881 
-7.328148 
-7.169272 
-7.010838 
-7.87898 
-6.974324 
-5.513487 
-6.708251 
-7.807217 
-6.807083 
-5.974897 
-6.369134 
-5.904143 
-6.788137 
-5.369731 
-5.802847 
-6.92328 
-5.723465 
-4.639868 
-4.295426 
-3.720556 
-2.37423 
-3.082958 
-4.304518 
-3.097252 
-2.097236 
-2.958097 
-2.323624 
-1.833702 
-1.473434 
-2.799052 
-1.47069 
-.334665 
-1.07433 
-1.084174 
-2.564539E-02 
-.1629526 
 1.224363 
 .4510039 
 1.482961 
 .3645822 
-5.533622E-02 
-.2115961 
 .1164384 
 1.335158 
 2.459941 
 3.545548 
 2.550024 
 3.562393 
 4.033881 
 2.830503 
 2.260808 
 2.321304 
 2.664441 
 3.209918 
 2.591807 
 2.001537 
 1.733966 
 1.29772 
 1.667433 
 2.091074 
 1.776265 
 1.676245 
 1.139618 
 1.853921 
 3.051427 
 3.211852 
 2.134114 
 1.436056 
 2.483943 
 2.893156 
 2.443468 
 2.105404 
 1.645223 
 2.90313 
 3.222808 
 2.598531 
 3.180219 
 4.149415 
 2.978019 
 3.188602 
 4.377276 
 3.267098 
 4.093382 
 3.265799 
 4.617743 
 4.063922 
 3.554103 
 3.57218 
 4.131934 
 4.255508 
 4.710374 
 4.76604 
 5.421881 
 5.14401 
 4.850635 
 5.138473 
 6.143521 
 5.139617 
 3.88324 
 3.126912 
 3.039321 
 2.122758 
 2.868455 
 1.681289 
 1.205699 
 1.78839 
 .7721412 
 .367906 
 .7179905 
 1.4717 
 1.248786 
 .9038786 
 .0535333 
-.2930217 
 .7962731 
 .5487034 
-.606098 
 .766099 
 .6442881 
 1.293325 
 .6653753 
-.1349028 
 .202342 
 1.491489 
 2.097329 
 2.848975 
 2.941371 
 3.302109 
 3.53435 
 4.015828 
 3.932612 
 2.670611 
 3.561598 
 4.142571 
 3.888026 
 3.449139 
 4.427581 
 3.325903 
 4.566277 
 5.365626 
 5.77695 
 5.847579 
 5.582371 
 5.284447 
 3.842111 
 3.140323 
 2.638254 
 3.374474 
 4.595023 
 4.88089 
 6.099925 
 4.918513 
 5.27941 
 5.871632 
 5.100193 
 5.293321 
 4.787051 
 4.58406 
 5.895407 
 7.162178 
 7.421884 
 7.454509 
 6.407851 
 5.989708 
 7.201779 
 6.209018 
 6.373806 
 5.909095 
 5.712737 
 5.91106 
 6.803052 
 6.103711 
 7.070372 
 5.839539 
 5.44212 
 6.335543 
 7.334927 
 6.379972 
 7.491576 
 8.673784 
 8.868414 
 7.705888 
 6.491541 
 7.189651 
 6.674684 
 6.624458 
 6.09606 
 4.833208 
 5.152918 
 4.631574 
 3.238434 
 0 
 10 
 1 
