 .7049809 
 .7060606 
 .6967898 
 .6879841 
 .6960734 
 .6769938 
 .6846102 
 .6941265 
 .6998556 
 .6818849 
 .6771165 
 .688369 
 .697019 
 .6907676 
 .7055311 
 .7170278 
 .6994027 
 .7137023 
 .7070696 
 .7061939 
 .7139654 
 .6962505 
 .6978139 
 .6949567 
 .6860206 
 .6886886 
 .6922466 
 .6820905 
 .6725147 
 .6826075 
 .6924896 
 .6939448 
 .7095618 
 .7224588 
 .7109095 
 .7161 
 .7314445 
 .7204819 
 .719894 
 .7040509 
 .7201182 
 .7246097 
 .7055193 
 .706443 
 .6904081 
 .6745191 
 .6835035 
 .6741076 
 .6562117 
 .6472868 
 .6414618 
 .6327593 
 .6471899 
 .6627 
 .6575276 
 .6479752 
 .6342412 
 .6206263 
 .62431 
 .6195439 
 .6148857 
 .6209442 
 .6131934 
 .6164171 
 .6044434 
 .5917305 
 .5932298 
 .5767871 
 .5738488 
 .5868974 
 .5769175 
 .5856575 
 .5798753 
 .5709228 
 .5844657 
 .5877098 
 .5907995 
 .586773 
 .5709623 
 .5717168 
 .5772318 
 .590557 
 .6010332 
 .582498 
 .5825928 
 .595992 
 .5920169 
 .5968912 
 .5954902 
 .5944955 
 .5916918 
 .584987 
 .5801319 
 .5704674 
 .5531849 
 .5426638 
 .5584077 
 .5413452 
 .53608 
 .5299251 
 .5282429 
 .514637 
 .5124421 
 .5025016 
 .5058433 
 .5060833 
 .4925554 
 .5069779 
 .5112273 
 .5101697 
 .5049886 
 .4897173 
 .4986313 
 .4959475 
 .5037643 
 .5059374 
 .5165501 
 .4980875 
 .486509 
 .4700911 
 .4548382 
 .4476975 
 .4333141 
 .4143981 
 .4146778 
 .4192487 
 .4197739 
 .4304118 
 .4144171 
 .402389 
 .4077706 
 .4051195 
 .3990067 
 .3855202 
 .3918533 
 .4061785 
 .4062438 
 .3905859 
 .3988097 
 .3943121 
 .3919682 
 .3907111 
 .3793026 
 .3722803 
 .3569137 
 .3592281 
 .3465508 
 .3609473 
 .3456982 
 .3428327 
 .3338747 
 .3463375 
 .3544203 
 .3454333 
 .3507689 
 .3412088 
 .3257222 
 .3081705 
 .3010752 
 .3106785 
 .3026683 
 .2924663 
 .2910401 
 .2815566 
 .2751661 
 .2582395 
 .2569684 
 .245836 
 .2582324 
 .2607514 
 .2691983 
 .2837972 
 .2770588 
 .2779004 
 .2622431 
 .2663846 
 .2625097 
 .2782866 
 .2638393 
 .2782932 
 .2818893 
 .275752 
 .2625467 
 .2611774 
 .2505124 
 .2675079 
 .2536513 
 .2362057 
 .230099 
 .2312263 
 .2457441 
 .2464962 
 .2425418 
 .2543295 
 .2653375 
 .2708294 
 .278073 
 .2951083 
 .2886553 
 .2877646 
 .283941 
 .2902021 
 .2780258 
 .2745816 
 .2754377 
 .2859806 
 .2867275 
 .2834263 
 .2830431 
 .2726224 
 .2761961 
 .2751444 
 .2809113 
 .2940077 
 .2886534 
 .2808852 
 .2727925 
 .2596326 
 .2600494 
 .2495247 
 .2519191 
 .246418 
 .2592213 
 .2577902 
 .2461067 
 .2520617 
 .2602629 
 .26368 
 .2730913 
 .2603386 
 .2706734 
 .2593855 
 .2750395 
 .2588598 
 .2425659 
 .2524246 
 .2474985 
 .2455816 
 .2313915 
 .2170915 
 .2049077 
 .1882701 
 .1954669 
 .1961579 
 .1978461 
 .1872435 
 .1856348 
 .1939637 
 .2024844 
 .1983726 
 .2122636 
 .2205138 
 .2052804 
 .2095711 
 .216651 
 .1988264 
 .1958733 
 .1918868 
 .1833891 
 .2002537 
 .210553 
 .2170263 
 .2135444 
 .2213803 
 .2128758 
 .2072268 
 .2043353 
 .2197058 
 .2056518 
 .2103477 
 .2043926 
 .1897659 
 .1780653 
 .1625498 
 .1597447 
 .1757368 
 .1767985 
 .1761569 
 .1925968 
 .1820454 
 .1772728 
 .1731137 
 .1648843 
 .1645934 
 .1512901 
 .1515286 
 .1677586 
 .1693924 
 .1835736 
 .1887279 
 .1861558 
 .1925791 
 .1765565 
 .1852556 
 .1919495 
 .1913663 
 .1785924 
 .1682878 
 .1616635 
 .1714132 
 .1549356 
 .1551921 
 .163978 
 .1742993 
 .1676266 
 .1840793 
 .1944789 
 .2002331 
 .2141919 
 .2270686 
 .2235277 
 .2095189 
 .2252043 
 .2352526 
 .2416709 
 .2375567 
 .219702 
 .2072973 
 .1947976 
 .1946587 
 .1908208 
 .1762887 
 .1678594 
 .1725459 
 .1845742 
 .1840414 
 .1724398 
 .1861642 
 .181161 
 .1744123 
 .1836427 
 .1731208 
 .1707974 
 .1609509 
 .1740532 
 .1775603 
 .1726362 
 .1682623 
 .1807113 
 .1833276 
 .1982719 
 .198391 
 .1918401 
 .204511 
 .1954024 
 .1863336 
 .1744022 
 .1685055 
 .1503308 
 .1586046 
 .1703746 
 .1620481 
 .1688875 
 .1650712 
 .1757789 
 .1839691 
 .1812857 
 .1657727 
 .1621699 
 .1560331 
 .1631583 
 .1560523 
 .1663258 
 .1534829 
 .1564188 
 .1723109 
 .1627146 
 .1780105 
 .163803 
 .1806764 
 .1849715 
 .1880382 
 .2019361 
 .2041043 
 .1945011 
 .2068695 
 .1911845 
 .1885246 
 .1973325 
 .1877643 
 .1829637 
 .1788403 
 .1793427 
 .1707 
 .1731714 
 .1623793 
 .1469394 
 .1606856 
 .1464177 
 .1514906 
 .1653999 
 .1554087 
 .1710773 
 .1830053 
 .1804511 
 .1797158 
 .1888858 
 .2003663 
 .1956758 
 .1843221 
 .1776584 
 .1741188 
 .1612894 
 .1651637 
 .1504556 
 .1395542 
 .1460767 
 .1458716 
 .1341975 
 .1513999 
 .1500014 
 .1319269 
 .1289516 
 .1210898 
 .1298005 
 .1434408 
 .1545721 
 .1426554 
 .1283381 
 .1105415 
 9.783417E-02 
 9.321513E-02 
 8.185276E-02 
 9.876208E-02 
 .1117959 
 .1144258 
 .1223276 
 .1093534 
 .1004367 
 8.335038E-02 
 9.484453E-02 
 .104721 
 .1148506 
 .1085933 
 .1065717 
 .1082728 
 .1188281 
 .1208154 
 .1099356 
 9.922604E-02 
 .0941496 
 9.653857E-02 
 9.073697E-02 
 9.151815E-02 
 8.863065E-02 
 9.101532E-02 
 7.473041E-02 
 7.624279E-02 
 6.557775E-02 
 8.192621E-02 
 9.717662E-02 
 .1145131 
 .1263467 
 .1227955 
 .1333839 
 .150518 
 .1415219 
 .129552 
 .1361741 
 .1185969 
 .1125586 
 .1191495 
 .1049479 
 9.075861E-02 
 8.305844E-02 
 .0792425 
 8.115126E-02 
 7.420216E-02 
 6.672183E-02 
 .0775452 
 7.055747E-02 
 6.594966E-02 
 6.225339E-02 
 7.428297E-02 
 7.087144E-02 
 7.870873E-02 
 8.417837E-02 
 8.062741E-02 
 9.649769E-02 
 .1014522 
 .1017733 
 9.164551E-02 
 9.437043E-02 
 .1030047 
 .1011943 
 .1153732 
 .1073418 
 .1130532 
 .1266941 
 .1185761 
 .1135716 
 9.595195E-02 
 8.838449E-02 
 .1054386 
 .1145003 
 .1171012 
 .1205804 
 .1120017 
 .1120138 
 .1222124 
 .1346628 
 .1198075 
 .1210031 
 .1176813 
 .1021624 
 .1001723 
 .1070205 
 .1067271 
 .1031396 
 .1187661 
 .135766 
 .1386909 
 .1394866 
 .1432455 
 .128226 
 .116644 
 .1086288 
 9.118526E-02 
 .0785599 
 7.551293E-02 
 7.705276E-02 
 7.894638E-02 
 8.877803E-02 
 7.224542E-02 
 6.870149E-02 
 5.279151E-02 
 4.594473E-02 
 4.950757E-02 
 5.001554E-02 
 5.333247E-02 
 4.711916E-02 
 6.160864E-02 
 7.109329E-02 
 7.362378E-02 
 7.099913E-02 
 7.912038E-02 
 .0668942 
 5.101104E-02 
 4.172314E-02 
 5.084706E-02 
 6.682432E-02 
 6.113802E-02 
 6.756111E-02 
 7.779436E-02 
 6.102121E-02 
 7.136746E-02 
 7.060022E-02 
 5.994972E-02 
 6.344409E-02 
 7.787789E-02 
 .0935748 
 9.881587E-02 
 .0812459 
 8.682202E-02 
 .10319 
 8.542484E-02 
 .1013998 
 8.593082E-02 
 7.833983E-02 
 8.108816E-02 
 9.187377E-02 
 7.523931E-02 
 5.915804E-02 
 6.130548E-02 
 5.454366E-02 
 5.127977E-02 
 5.151046E-02 
 5.971551E-02 
 5.781787E-02 
 5.133544E-02 
 3.600824E-02 
 3.266232E-02 
 3.518443E-02 
 4.449759E-02 
 4.725547E-02 
 5.255812E-02 
 6.340782E-02 
 6.028329E-02 
 7.073271E-02 
 7.844348E-02 
 8.514823E-02 
 9.317385E-02 
 8.196059E-02 
 9.152205E-02 
 7.594271E-02 
 6.676247E-02 
 8.267028E-02 
 9.388007E-02 
 8.363442E-02 
 7.215649E-02 
 .0625878 
 7.761514E-02 
 6.876743E-02 
 5.988493E-02 
 6.739015E-02 
 7.310601E-02 
 8.266233E-02 
 9.169385E-02 
 8.462973E-02 
 9.600241E-02 
 .1035713 
 .1174443 
 .1072492 
 .1018451 
 .1034933 
 .0980811 
 8.728381E-02 
 8.988401E-02 
 9.429883E-02 
 8.119598E-02 
 6.532568E-02 
 6.995176E-02 
 8.185973E-02 
 8.668484E-02 
 8.378955E-02 
 7.241414E-02 
 .0720723 
 8.877761E-02 
 9.816945E-02 
 9.366324E-02 
 9.288036E-02 
 9.432647E-02 
 .1002991 
 8.356805E-02 
 8.863416E-02 
 .1026701 
 9.671786E-02 
 .0828169 
 7.995284E-02 
 8.944616E-02 
 8.415914E-02 
 8.080862E-02 
 8.944245E-02 
 .0869562 
 9.458473E-02 
 9.458945E-02 
 8.270302E-02 
 7.457612E-02 
 5.966024E-02 
 7.660351E-02 
 6.868906E-02 
 7.273252E-02 
 6.565016E-02 
 7.805962E-02 
 .0714043 
 8.176833E-02 
 6.994434E-02 
 .0626335 
 4.722872E-02 
 4.687392E-02 
 4.507357E-02 
 4.845127E-02 
 3.156658E-02 
 2.500144E-02 
 1.193573E-02 
 5.730498E-03 
 1.499542E-02 
 1.950105E-02 
 .0359975 
 4.760162E-02 
 .0494106 
 5.310087E-02 
 4.191284E-02 
 5.615471E-02 
 4.954051E-02 
 5.300315E-02 
 5.634202E-02 
 6.573144E-02 
 7.323781E-02 
 .0797327 
 8.883028E-02 
 7.997426E-02 
 8.154958E-02 
 8.167156E-02 
 8.379553E-02 
 7.579269E-02 
 7.259991E-02 
 6.708375E-02 
 8.375973E-02 
 8.421713E-02 
 8.696302E-02 
 8.549715E-02 
 6.858338E-02 
 6.404925E-02 
 5.095939E-02 
 5.633458E-02 
 4.381867E-02 
 .0329317 
 2.840284E-02 
 1.389931E-02 
 1.798254E-02 
 2.516114E-02 
 2.294199E-02 
 2.006105E-02 
 1.415978E-02 
 .0212918 
 1.099957E-02 
-5.303929E-03 
 8.487178E-03 
-7.836258E-03 
-9.290504E-03 
-7.385342E-04 
 8.37301E-03 
 1.986427E-02 
 9.453637E-03 
 8.314315E-03 
 2.142686E-02 
 3.309125E-02 
 2.981117E-02 
 2.839854E-02 
 2.293421E-02 
 .013929 
 2.485191E-02 
 2.637132E-02 
 2.767064E-02 
 3.212272E-02 
 1.734383E-02 
 2.483275E-02 
 1.613382E-02 
 3.041592E-04 
-7.718807E-03 
 8.738282E-03 
 2.541839E-03 
 7.806523E-03 
 2.914487E-03 
-1.735525E-03 
-7.910741E-03 
-1.807064E-02 
-2.829187E-02 
-3.096325E-02 
-2.669278E-02 
-3.585222E-02 
-.0291205 
-2.583848E-02 
-2.210492E-02 
-3.708321E-02 
-5.324057E-02 
-6.548403E-02 
-.0743774 
-7.780512E-02 
-7.461591E-02 
-8.200891E-02 
-.0697999 
-5.541909E-02 
-5.433097E-02 
-5.820906E-02 
-7.581095E-02 
-8.451282E-02 
-9.633465E-02 
-9.091493E-02 
-.0735171 
-8.004624E-02 
-8.910054E-02 
-7.536714E-02 
-8.839648E-02 
-8.568517E-02 
-8.165509E-02 
-7.751878E-02 
-7.040679E-02 
-5.773964E-02 
-7.195801E-02 
-7.554556E-02 
-6.383687E-02 
-7.195254E-02 
-6.540519E-02 
-6.894655E-02 
-5.684072E-02 
-5.909622E-02 
-4.695915E-02 
-5.687799E-02 
-4.848738E-02 
-3.412341E-02 
-4.411453E-02 
-.0267979 
-1.011032E-02 
 3.167919E-03 
 3.973858E-03 
 9.350259E-03 
 7.780979E-03 
-4.495445E-03 
 6.214458E-04 
 4.640372E-03 
 1.726112E-02 
 1.248159E-02 
-3.498135E-03 
-3.281858E-03 
-1.916847E-02 
-2.358341E-02 
-2.526476E-02 
-3.241084E-02 
-.0156153 
-3.296084E-02 
-2.752482E-02 
-2.338725E-02 
-2.214256E-02 
-3.888195E-02 
-3.104473E-02 
-3.760385E-02 
-2.033479E-02 
-2.774098E-02 
-3.249677E-02 
-3.877832E-02 
-4.389251E-02 
-5.321794E-02 
-4.977189E-02 
-4.242847E-02 
-5.059611E-02 
-4.778091E-02 
-4.491904E-02 
-.0272937 
-1.182992E-02 
-2.072334E-02 
-9.606322E-03 
 4.898635E-05 
-3.245311E-03 
 1.399493E-03 
 1.170919E-03 
 1.115052E-03 
-1.197964E-02 
 4.802557E-03 
-6.714447E-03 
-3.501664E-03 
 2.986967E-03 
-1.095433E-02 
-5.539361E-03 
 2.97258E-03 
 1.295976E-02 
 1.048433E-02 
-4.433129E-03 
-4.432691E-03 
-1.756999E-03 
-.0174668 
-2.054804E-02 
-3.412066E-02 
-4.666812E-02 
-5.316877E-02 
-.035523 
-3.171135E-02 
-3.966333E-02 
-4.255147E-02 
-4.351554E-02 
-5.899515E-02 
-6.034267E-02 
-6.242656E-02 
-4.638726E-02 
-.0543711 
-6.588471E-02 
-6.550296E-02 
-7.091758E-02 
-7.027873E-02 
-7.379687E-02 
-8.219825E-02 
-9.743427E-02 
-9.215486E-02 
-9.675165E-02 
-9.485657E-02 
-8.099974E-02 
-8.354486E-02 
-7.996418E-02 
-8.401871E-02 
-9.961093E-02 
-.1133009 
-.1256572 
-.1380147 
-.1283871 
-.1364665 
-.1490272 
-.1649925 
-.1577084 
-.1450209 
-.14404 
-.1329579 
-.11537 
-.1142044 
-.1293335 
-.1245481 
-.1303277 
-.1379107 
-.1310403 
-.1342096 
-.1380011 
-.1481722 
-.1343867 
-.1464975 
-.1496431 
-.1453816 
-.1432646 
-.1347186 
-.1478255 
-.1537035 
-.1708853 
-.1603442 
-.1448981 
-.1516923 
-.1610902 
-.1445172 
-.1552516 
-.157822 
-.1623293 
-.1681771 
-.1506408 
-.1474442 
-.1461278 
-.1588218 
-.1441982 
-.1605707 
-.1497292 
-.1415327 
-.1503106 
-.1341538 
-.1350031 
-.126672 
-.1300324 
-.1392729 
-.1352619 
-.1330996 
-.134133 
-.1284706 
-.118656 
-.1338786 
-.1457776 
-.1596821 
-.1752986 
-.1732314 
-.1564854 
-.1658692 
-.1709312 
-.1565704 
-.1568704 
-.1660446 
-.1531475 
-.1681631 
-.1808364 
-.1638181 
-.1514929 
-.1395724 
-.1214996 
-.1305067 
-.1243716 
-.1195608 
-.102464 
-.1050373 
-.1205962 
-.1067964 
-.1185652 
-.1272234 
-.1230535 
-.1275529 
-.1262018 
-.1109556 
-.1090148 
-9.233724E-02 
-8.266322E-02 
-8.584846E-02 
-7.649554E-02 
-7.367129E-02 
-7.544874E-02 
-9.147794E-02 
-.1077162 
-.1123303 
-.1150483 
-.1195644 
-.1145882 
-.125732 
-.1277616 
-.1397088 
-.1225661 
-.1302996 
-.1457214 
-.1344816 
-.1266511 
-.1351857 
-.1244887 
-.1109669 
-9.342764E-02 
-.1013663 
-.102435 
-8.744237E-02 
-7.212597E-02 
-7.194364E-02 
-5.804301E-02 
-5.531097E-02 
-5.794967E-02 
-4.640902E-02 
-3.820104E-02 
-2.398997E-02 
-3.629513E-02 
-2.642515E-02 
-2.041343E-02 
-5.58408E-03 
 6.328819E-03 
 1.621854E-02 
 2.604125E-02 
 2.503842E-02 
 .0334632 
 .0356853 
 2.362334E-02 
 1.683758E-02 
 1.564857E-02 
 2.967962E-02 
 4.267564E-02 
 3.844075E-02 
 5.495754E-02 
 5.493267E-02 
 .0720737 
 6.999698E-02 
 7.978418E-02 
 7.275349E-02 
 5.754206E-02 
 .0709517 
 7.360274E-02 
 8.632465E-02 
 .097158 
 .1064753 
 .1213408 
 .1049892 
 .1163212 
 .106329 
 9.802868E-02 
 8.181862E-02 
 9.599888E-02 
 .1131734 
 .104407 
 .1055683 
 9.970403E-02 
 8.921742E-02 
 7.833298E-02 
 6.491178E-02 
 6.849281E-02 
 7.139474E-02 
 8.395641E-02 
 6.905195E-02 
 5.818445E-02 
 6.282284E-02 
 6.125581E-02 
 5.345786E-02 
 .0652268 
 5.817448E-02 
 7.495335E-02 
 7.109565E-02 
 .0813267 
 9.203792E-02 
 9.565312E-02 
 9.028368E-02 
 9.311099E-02 
 9.861539E-02 
 .1013402 
 8.534373E-02 
 9.727258E-02 
 8.129298E-02 
 .0686459 
 .061903 
 5.945223E-02 
 5.656916E-02 
 .0691473 
 .0531389 
 6.718472E-02 
 5.773414E-02 
 4.162379E-02 
 5.152621E-02 
 3.486371E-02 
 2.179803E-02 
 2.778163E-02 
 1.925164E-02 
 3.141777E-02 
 .0209961 
 1.117291E-02 
 1.136463E-02 
 1.560615E-02 
 1.937676E-02 
 5.060965E-03 
 2.085766E-02 
 1.661676E-02 
 1.112748E-02 
-5.324306E-03 
 8.612338E-03 
 8.360817E-03 
 5.034579E-03 
 2.041137E-02 
 .0114828 
 1.338335E-02 
-2.906759E-03 
 8.311071E-03 
 7.217879E-03 
 8.828686E-03 
 4.403138E-03 
-8.203233E-03 
 1.358325E-04 
-9.845779E-03 
-2.016198E-02 
-2.642253E-02 
-2.907629E-02 
-.0203946 
-.0339609 
-3.616931E-02 
-2.449554E-02 
-2.181855E-02 
-1.216503E-02 
-1.948818E-02 
-3.476666E-02 
-3.026192E-02 
-3.009752E-02 
-2.330005E-02 
-2.851087E-02 
-2.369247E-02 
-3.574568E-02 
-2.114386E-02 
-2.574433E-02 
-1.444181E-02 
-2.639593E-02 
-2.635973E-02 
-4.293448E-02 
-3.398994E-02 
-2.174622E-02 
-2.902285E-02 
-3.176408E-02 
-.0311756 
-4.880177E-02 
-4.277309E-02 
-2.565858E-02 
-.0401054 
-2.999637E-02 
-4.618949E-02 
-.0294478 
-1.154037E-02 
-4.777898E-03 
 1.939736E-03 
-9.504925E-03 
-2.109008E-02 
-4.382252E-03 
 2.585579E-03 
 1.632394E-02 
 2.979387E-03 
-9.503255E-03 
-1.769037E-02 
-3.436571E-02 
-4.055768E-02 
-.0261157 
-3.534409E-02 
-2.808655E-02 
-.0162096 
-.0309106 
-1.947264E-02 
-8.270206E-03 
-1.887767E-02 
-3.296398E-02 
-2.845946E-02 
-4.352936E-02 
-.0390386 
-4.031311E-02 
-2.440283E-02 
-3.529988E-02 
-4.242884E-02 
-3.851233E-02 
-4.745084E-02 
-.0540093 
-6.838486E-02 
-.08594 
-6.941997E-02 
-6.090379E-02 
-6.333091E-02 
-6.461564E-02 
-6.586678E-02 
-5.298877E-02 
-5.602735E-02 
-4.850644E-02 
-5.280558E-02 
-5.671799E-02 
-6.595919E-02 
-7.552661E-02 
-9.068987E-02 
-8.010615E-02 
-6.839347E-02 
-7.420594E-02 
-7.687661E-02 
-5.905703E-02 
-5.180819E-02 
-5.201686E-02 
-3.998968E-02 
-4.560208E-02 
-5.789141E-02 
-4.326607E-02 
-4.277392E-02 
-3.237198E-02 
-2.819779E-02 
-3.364301E-02 
-1.705456E-02 
-2.161156E-02 
-2.856825E-02 
-3.854033E-02 
-2.866599E-02 
-1.453982E-02 
-2.829268E-02 
-1.380868E-02 
-9.432153E-03 
 4.51329E-03 
 1.366879E-02 
 7.493332E-03 
 8.840488E-03 
 2.038596E-02 
 7.960774E-03 
 .0184063 
 1.581404E-02 
 1.734014E-02 
 2.002597E-03 
-1.382898E-02 
-1.826854E-03 
 .0154574 
-1.737204E-03 
 3.857067E-03 
 2.005731E-02 
 6.446299E-03 
 2.308816E-03 
 2.046031E-03 
 1.631845E-02 
 4.479731E-03 
 1.608238E-02 
 2.149276E-02 
 1.152802E-02 
-4.676037E-03 
 1.001794E-02 
 9.662096E-03 
 1.572041E-02 
 1.865686E-04 
-1.717195E-02 
-8.611364E-04 
-1.121161E-02 
 2.839898E-03 
 8.907459E-04 
-1.089027E-02 
-1.844476E-02 
-9.473084E-03 
 3.178897E-03 
-5.539768E-03 
-1.097635E-02 
 2.18649E-03 
 1.497923E-02 
 1.193389E-02 
 1.531853E-02 
 4.200012E-03 
 2.004548E-02 
 1.137782E-02 
-5.863697E-03 
-1.219439E-02 
-8.587505E-03 
-1.288787E-02 
-7.782737E-03 
 8.728227E-04 
 8.408004E-03 
-2.85979E-03 
-1.864328E-02 
-2.765879E-02 
-3.835987E-02 
-2.127629E-02 
-3.273365E-02 
-2.708298E-02 
-1.242011E-02 
-2.053587E-02 
-2.917795E-02 
-1.943229E-02 
-1.015594E-02 
-1.408547E-02 
-2.635375E-02 
-2.375942E-02 
-3.725715E-02 
-4.531647E-02 
-3.246406E-02 
-2.634937E-02 
-2.751963E-02 
-.0250899 
-3.458359E-02 
-5.176345E-02 
-6.036713E-02 
-4.406925E-02 
-.0598399 
-4.710151E-02 
-6.194412E-02 
-.0539267 
-6.206235E-02 
-4.718734E-02 
-.0630123 
-5.935459E-02 
-5.922522E-02 
-4.568288E-02 
-4.752371E-02 
-3.560382E-02 
-2.386823E-02 
-3.912842E-02 
-3.614225E-02 
-3.577481E-02 
-2.525029E-02 
-2.766307E-02 
-1.056813E-02 
-2.332295E-02 
-1.710504E-02 
-.0101879 
-1.835971E-03 
-1.958195E-03 
 1.549709E-02 
 2.806093E-02 
 1.631922E-02 
 2.213546E-02 
 1.409511E-02 
 2.728049E-02 
 3.554716E-02 
 3.170003E-02 
 1.725598E-02 
 2.142177E-02 
 7.362409E-03 
 1.352957E-02 
 6.703134E-03 
-8.048994E-03 
-3.286076E-03 
-1.540778E-03 
 1.295228E-03 
 1.345302E-02 
 2.889704E-02 
 1.851075E-02 
 5.914205E-03 
 1.361254E-02 
 2.466932E-02 
 1.819233E-02 
 3.060754E-02 
 4.045093E-02 
 3.615156E-02 
 3.906772E-02 
 3.436157E-02 
 3.504952E-02 
 3.405852E-02 
 3.707143E-02 
 4.677684E-02 
 4.046829E-02 
 .0318955 
 4.487169E-02 
 3.615882E-02 
 2.388282E-02 
 1.169916E-02 
 2.442887E-03 
-9.114422E-03 
-8.235895E-03 
 8.260706E-03 
 4.462266E-03 
-2.77223E-03 
 .0033778 
-6.219273E-03 
 6.791668E-04 
-5.44548E-03 
-.0215405 
-5.610527E-03 
-1.369138E-02 
-7.424254E-03 
 .0103841 
 6.06536E-03 
 1.245359E-03 
-2.600086E-04 
 7.566351E-03 
-1.17292E-03 
 .012126 
 2.213396E-02 
 2.080305E-02 
 7.384988E-03 
-3.379435E-03 
-.012474 
 5.237694E-03 
-.0120624 
-1.818647E-02 
-1.058566E-02 
-.0181705 
-2.466537E-02 
-3.713007E-02 
-4.336145E-02 
-4.406896E-02 
-2.881164E-02 
-4.519069E-02 
-3.568097E-02 
-5.080158E-02 
-4.604299E-02 
-3.925782E-02 
-.0292408 
-.0325521 
-2.319241E-02 
-3.478665E-02 
-1.911958E-02 
-2.535099E-02 
-4.066876E-02 
-4.772598E-02 
-4.225704E-02 
-5.425518E-02 
-4.062243E-02 
-.0525449 
-5.472989E-02 
-.0393688 
-4.045072E-02 
-2.290016E-02 
-2.529207E-02 
-1.573054E-02 
-8.083456E-03 
-1.857191E-02 
-3.045801E-02 
-2.462742E-02 
-7.286259E-03 
 2.496263E-03 
 4.922006E-03 
 7.584947E-04 
-7.198054E-03 
 2.250343E-03 
-7.10335E-03 
-5.206125E-06 
 3.904689E-03 
-7.273391E-03 
 9.130511E-03 
 .0204083 
 2.607896E-02 
 1.060423E-02 
 9.340716E-03 
-4.990226E-03 
 7.296901E-04 
 1.067128E-02 
 9.089174E-03 
-8.459342E-03 
-7.321694E-03 
-3.304469E-03 
 9.67943E-03 
 3.052347E-03 
-4.795183E-03 
-7.417412E-04 
-5.552751E-03 
-3.935042E-03 
 9.490328E-04 
 6.515257E-03 
-5.918533E-03 
 8.183224E-04 
 1.665739E-02 
 2.630484E-02 
 4.207112E-02 
 2.946947E-02 
 .0222909 
 3.030199E-02 
 .0214148 
 .037497 
 5.352996E-02 
 6.587135E-02 
 8.009931E-02 
 6.881168E-02 
 8.388267E-02 
 6.988201E-02 
 8.013561E-02 
 8.813814E-02 
 .1033963 
 .1016841 
 .1160151 
 .1039388 
 .1035416 
 .0988481 
 .1020983 
 8.527137E-02 
 7.959422E-02 
 8.753314E-02 
 7.223559E-02 
 .0627065 
 4.709953E-02 
 5.894788E-02 
 4.817227E-02 
 .0578415 
 7.472229E-02 
 8.520385E-02 
 8.429447E-02 
 9.057428E-02 
 8.239388E-02 
 6.722245E-02 
 .0613325 
 5.194584E-02 
 4.960335E-02 
 4.343624E-02 
 4.838166E-02 
 4.574148E-02 
 5.781839E-02 
 .056453 
 5.447083E-02 
 5.870839E-02 
 6.468564E-02 
 8.228058E-02 
 6.558511E-02 
 6.718883E-02 
 5.110433E-02 
 5.491445E-02 
 4.298374E-02 
 .0426913 
 4.072426E-02 
 5.809247E-02 
 6.150249E-02 
 7.033127E-02 
 6.251425E-02 
 7.661761E-02 
 8.882009E-02 
 8.236535E-02 
 9.518476E-02 
 9.538075E-02 
 8.479166E-02 
 9.835561E-02 
 9.764459E-02 
 .1146856 
 9.759076E-02 
 .1141938 
 .1263697 
 .1184393 
 .1076295 
 .1053331 
 .1116744 
 .1035854 
 .1199292 
 .1083338 
 .1135894 
 9.723783E-02 
 .110394 
 9.422213E-02 
 9.349204E-02 
 9.226478E-02 
 7.809817E-02 
 6.358407E-02 
 5.859064E-02 
 4.252751E-02 
 5.893843E-02 
 7.635502E-02 
 7.881512E-02 
 6.095589E-02 
 6.503627E-02 
 7.371442E-02 
 6.956431E-02 
 7.179635E-02 
 5.960145E-02 
 6.546649E-02 
 5.501381E-02 
 5.820724E-02 
 7.063801E-02 
 7.227237E-02 
 8.874485E-02 
 8.401536E-02 
 8.829665E-02 
 7.511742E-02 
 8.344875E-02 
 9.094536E-02 
 .1040606 
 .1151803 
 .1207707 
 .1123373 
 .1103603 
 .1133364 
 9.784273E-02 
 8.394463E-02 
 .0997629 
 9.072561E-02 
 .1039931 
 .1065068 
 9.547551E-02 
 .108287 
 9.779208E-02 
 9.070016E-02 
 7.432107E-02 
 7.226831E-02 
 6.602098E-02 
 7.017305E-02 
 .0654225 
 8.080632E-02 
 8.890433E-02 
 7.311922E-02 
 6.726433E-02 
 6.294131E-02 
 6.534081E-02 
 .0561878 
 7.154454E-02 
 6.839563E-02 
 6.050956E-02 
 7.557146E-02 
 8.272027E-02 
 9.803651E-02 
 .0971645 
 9.053124E-02 
 .1010197 
 8.525736E-02 
 7.070503E-02 
 7.775041E-02 
 6.755072E-02 
 6.259983E-02 
 7.207452E-02 
 6.179101E-02 
 5.583494E-02 
 4.779009E-02 
 .0471283 
 6.360228E-02 
 6.932838E-02 
 8.098502E-02 
 7.969869E-02 
 7.339913E-02 
 8.630102E-02 
 8.942749E-02 
 8.316706E-02 
 8.482612E-02 
 6.770742E-02 
 8.098578E-02 
 .0788369 
 8.099962E-02 
 6.872869E-02 
 5.746132E-02 
 6.094454E-02 
 4.539471E-02 
 6.282867E-02 
 7.830377E-02 
 9.199993E-02 
 .1043461 
 .120145 
 .1156936 
 .1275613 
 .1230769 
 .1210682 
 .1329634 
 .1440891 
 .1482906 
 .1447562 
 .1314354 
 .1371541 
 .1236686 
 .105601 
 9.839133E-02 
 .1013212 
 9.564163E-02 
 .1017961 
 .1032822 
 9.544946E-02 
 8.503217E-02 
 8.265136E-02 
 .0801857 
 7.532155E-02 
 9.240598E-02 
 8.645999E-02 
 .081251 
 9.794247E-02 
 9.052293E-02 
 8.185233E-02 
 7.216551E-02 
 7.792547E-02 
 7.854313E-02 
 9.380029E-02 
 9.186001E-02 
 9.456895E-02 
 8.777939E-02 
 7.608344E-02 
 6.116622E-02 
 7.218026E-02 
 .0708115 
 6.889654E-02 
 6.326593E-02 
 4.700016E-02 
 .0634697 
 6.656171E-02 
 5.838675E-02 
 5.714602E-02 
 5.107437E-02 
 6.309871E-02 
 7.033738E-02 
 8.388545E-02 
 7.323976E-02 
 5.918325E-02 
 5.794615E-02 
 4.439963E-02 
 .0320821 
 3.198645E-02 
 4.389828E-02 
 5.022536E-02 
 5.986894E-02 
 4.372789E-02 
 3.398401E-02 
 3.729837E-02 
 5.463148E-02 
 6.450661E-02 
 5.282578E-02 
 .056425 
 6.191964E-02 
 7.708083E-02 
 .0772064 
 7.796576E-02 
 7.383891E-02 
 7.324681E-02 
 8.431587E-02 
 9.851228E-02 
 .1025615 
 .1188024 
 .1059581 
 .1196796 
 .1351937 
 .130645 
 .1472834 
 .1434361 
 .1497494 
 .1520005 
 .1473891 
 .1467423 
 .1550943 
 .1608536 
 .1612778 
 .1431667 
 .1481326 
 .1616288 
 .1552115 
 .1532867 
 .1673669 
 .1677988 
 .1661299 
 .1545999 
 .1565038 
 .1466852 
 .1467748 
 .1551032 
 .1387786 
 .1403743 
 .1381624 
 .138382 
 .1292819 
 .1342106 
 .1278106 
 .1324153 
 .1439276 
 .1376751 
 .1287426 
 .114961 
 .1257059 
 .1203023 
 .1228125 
 .1137156 
 .1098353 
 .1234462 
 .1169883 
 .1068794 
 9.167595E-02 
 8.447026E-02 
 .1001367 
 8.320963E-02 
 9.834328E-02 
 8.718017E-02 
 .0770314 
 8.096246E-02 
 6.974523E-02 
 7.419746E-02 
 7.419585E-02 
 .0649104 
 5.096364E-02 
 5.726286E-02 
 .0446626 
 3.264084E-02 
 1.557276E-02 
 4.006861E-03 
-5.753648E-03 
-6.140461E-03 
-5.441258E-04 
 7.678009E-03 
 6.424731E-03 
 2.278678E-04 
 8.448768E-03 
 2.605701E-02 
 2.484038E-02 
 1.372364E-02 
 2.364642E-02 
 1.221534E-02 
-9.543963E-05 
 4.365914E-03 
-5.391376E-03 
 6.437062E-03 
 5.582829E-03 
-8.569676E-03 
-7.53775E-04 
 1.076102E-02 
 5.513542E-03 
-6.391204E-03 
 6.09964E-04 
 5.670852E-03 
 1.965689E-02 
 3.074421E-02 
 2.092631E-02 
 3.503481E-02 
 4.675453E-02 
 3.365812E-02 
 1.875026E-02 
 3.824782E-03 
-5.290181E-03 
-1.507163E-02 
-3.027369E-02 
-2.663928E-02 
-2.657703E-02 
-3.380242E-02 
-2.990121E-02 
-4.714835E-02 
-4.865041E-02 
-6.340767E-02 
-.0618259 
-5.880532E-02 
-4.388195E-02 
-4.429727E-02 
-.0534041 
-3.544563E-02 
-4.133131E-02 
-4.295637E-02 
-2.760652E-02 
-2.965651E-02 
-2.004653E-02 
-3.342965E-02 
-.0428547 
-3.190818E-02 
-4.680053E-02 
-5.646153E-02 
-7.239533E-02 
-8.164247E-02 
-8.522855E-02 
-7.762291E-02 
-7.411983E-02 
-5.977968E-02 
-4.926245E-02 
-4.451548E-02 
-3.591594E-02 
-.0189024 
-2.710039E-02 
-3.378856E-02 
-3.031016E-02 
-1.415492E-02 
 1.78482E-03 
 9.399547E-03 
 3.599458E-03 
-1.006971E-02 
-9.745042E-03 
-2.445827E-02 
-3.217063E-02 
-3.776525E-02 
-2.270344E-02 
-9.899569E-03 
-2.014469E-02 
-3.510444E-02 
-3.971191E-02 
-3.007882E-02 
-1.354811E-02 
-8.285144E-03 
-9.123408E-03 
-1.737424E-02 
-2.669573E-02 
-1.847694E-02 
-9.648631E-03 
-2.175475E-02 
-1.439852E-02 
-.026892 
-3.503225E-02 
-3.558436E-02 
-4.237352E-02 
-2.852455E-02 
-2.206822E-02 
-1.654908E-02 
-3.978449E-03 
-9.927442E-03 
-1.535965E-02 
-2.377456E-03 
 9.404763E-03 
 2.092041E-02 
 3.318643E-02 
 4.065152E-02 
 4.071183E-02 
 3.657191E-02 
 4.159008E-02 
 2.727937E-02 
 1.757627E-02 
 2.717501E-02 
 1.153566E-02 
 7.178865E-03 
-9.448841E-03 
-2.235093E-03 
-2.767907E-03 
 5.080998E-03 
 3.188743E-03 
-1.793346E-04 
 1.031032E-02 
 2.014793E-02 
 2.282739E-02 
 1.817257E-02 
 3.481474E-03 
 5.768532E-03 
 3.523274E-03 
-1.353354E-03 
 3.503183E-03 
 7.211685E-03 
 8.30466E-03 
 1.518147E-02 
-3.741866E-04 
-7.084414E-03 
-9.398609E-04 
 7.266261E-03 
 1.904717E-02 
 2.399254E-02 
 8.408866E-03 
 1.439386E-02 
 2.899519E-02 
 4.558888E-02 
 5.035445E-02 
 5.180723E-02 
 6.092646E-02 
 5.148023E-02 
 5.528676E-02 
 5.514286E-02 
 5.549324E-02 
 5.042932E-02 
 4.441695E-02 
 .0371446 
 3.503747E-02 
 4.698517E-02 
 4.203691E-02 
 2.746531E-02 
 3.294779E-02 
 3.848865E-02 
 4.855455E-02 
 4.632712E-02 
 3.002463E-02 
 2.799064E-02 
 3.832385E-02 
 4.046068E-02 
 4.057992E-02 
 5.270176E-02 
 5.326564E-02 
 6.626977E-02 
 6.150083E-02 
 4.898221E-02 
 3.529423E-02 
 4.293576E-02 
 2.950232E-02 
 1.992466E-02 
 5.192575E-03 
 2.780076E-03 
-2.183319E-03 
 2.494613E-03 
 1.477873E-02 
 1.734161E-02 
 3.401648E-02 
 5.092447E-02 
 5.283173E-02 
 5.056306E-02 
 5.405023E-02 
 5.833773E-02 
 4.838809E-02 
 6.077845E-02 
 5.613226E-02 
 5.752796E-02 
 3.972928E-02 
 2.708538E-02 
 3.831266E-02 
 3.668935E-02 
 4.689176E-02 
 4.577972E-02 
 3.054488E-02 
 2.103273E-02 
 4.19412E-03 
-4.050322E-03 
-8.588012E-03 
-7.368037E-03 
 4.262282E-03 
-1.134469E-02 
-4.223833E-03 
 2.326317E-03 
-6.891501E-03 
-8.050185E-03 
 1.813649E-03 
 1.373078E-02 
 2.772925E-02 
 2.593886E-02 
 .0171489 
 1.152074E-02 
 2.110734E-02 
 3.388382E-02 
 .0221382 
 1.914515E-02 
 1.248413E-02 
 6.840861E-04 
 6.085908E-03 
-1.170231E-02 
-2.559377E-03 
-1.933165E-03 
 .0106487 
 2.567066E-02 
 3.196649E-02 
 4.806096E-02 
 .0365869 
 2.837649E-02 
 4.109625E-02 
 .0575757 
 6.605307E-02 
 5.023413E-02 
 4.431884E-02 
 3.488367E-02 
 1.812526E-02 
 3.694726E-03 
 1.270822E-02 
 1.904116E-02 
 3.360915E-02 
 2.032789E-02 
 3.501544E-02 
 4.091838E-02 
 5.084801E-02 
 4.163004E-02 
 4.611512E-02 
 4.916402E-02 
 3.354589E-02 
 3.345416E-02 
 4.368851E-02 
 4.660788E-02 
 6.054739E-02 
 7.166229E-02 
 7.830891E-02 
 8.092862E-02 
 6.504076E-02 
 5.130976E-02 
 5.535888E-02 
 5.654456E-02 
 4.673345E-02 
 5.498362E-02 
 6.062841E-02 
 7.780146E-02 
 7.347637E-02 
 5.609463E-02 
 6.713499E-02 
 7.678351E-02 
 7.784766E-02 
 .0689436 
 6.083785E-02 
 4.633547E-02 
 5.223288E-02 
 6.283075E-02 
 4.696938E-02 
 5.585777E-02 
 7.182989E-02 
 7.031955E-02 
 .0805193 
 8.598906E-02 
 7.453893E-02 
 6.191397E-02 
 7.263695E-02 
 7.694197E-02 
 7.702243E-02 
 8.630038E-02 
 8.498485E-02 
 7.992884E-02 
 7.426509E-02 
 6.811312E-02 
 7.726507E-02 
 8.617297E-02 
 9.038789E-02 
 8.668958E-02 
 7.208157E-02 
 6.700996E-02 
 5.638114E-02 
 6.284345E-02 
 5.940997E-02 
 4.867067E-02 
 5.254546E-02 
 6.817354E-02 
 6.703001E-02 
 7.603206E-02 
 9.222079E-02 
 7.866281E-02 
 7.812252E-02 
 6.852356E-02 
 5.667695E-02 
 6.642336E-02 
 8.096401E-02 
 6.653854E-02 
 6.414527E-02 
 6.947954E-02 
 6.994802E-02 
 8.133737E-02 
 9.537392E-02 
 9.985659E-02 
 .1083646 
 .12254 
 .1264427 
 .1383314 
 .1296688 
 .1164336 
 .1258992 
 .1098283 
 .1209318 
 .107367 
 9.338251E-02 
 8.756115E-02 
 7.944582E-02 
 6.334887E-02 
 6.923927E-02 
 8.459381E-02 
 .1020187 
 .1084281 
 .1148357 
 .1105964 
 .105341 
 .1104867 
 .1227553 
 .1392082 
 .1441758 
 .1597888 
 .1675741 
 .1596095 
 .1443986 
 .151571 
 .1502724 
 .1391082 
 .127203 
 .1173096 
 .1270034 
 .1419795 
 .1341484 
 .1237474 
 .1085572 
 .1076825 
 .1068599 
 9.991881E-02 
 8.242782E-02 
 7.417464E-02 
 7.688556E-02 
 8.954585E-02 
 7.554516E-02 
 5.814439E-02 
 5.793812E-02 
 7.272982E-02 
 8.180252E-02 
 9.480131E-02 
 .106218 
 .1069795 
 .1029184 
 .1141376 
 .1194735 
 .1094861 
 .125865 
 .1197144 
 .1251934 
 .1362328 
 .1408713 
 .1313415 
 .1280757 
 .1233377 
 .1315542 
 .1445629 
 .1616222 
 .1621271 
 .1781142 
 .176161 
 .1846437 
 .2001725 
 .2109785 
 .2197151 
 .2181573 
 .2051703 
 .1993636 
 .2156636 
 .220169 
 .2190337 
 .2035604 
 .2155412 
 .198758 
 .1946715 
 .1836811 
 .1694545 
 .172388 
 .1889273 
 .1725996 
 .1571427 
 .1533644 
 .1592741 
 .1696235 
 .1709469 
 .1571822 
 .152136 
 .1482321 
 .1642357 
 .1643994 
 .1672723 
 .1778646 
 .1868303 
 .1782146 
 .162238 
 .159036 
 .1436434 
 .1292472 
 .127476 
 .1374638 
 .1398067 
 .1244517 
 .1210409 
 .1229037 
 .1265384 
 .1144989 
 .1247293 
 .1313284 
 .1355958 
 .1215113 
 .1112086 
 .1253076 
 .1356041 
 .1342253 
 .1452041 
 .1400364 
 .1538658 
 .1698315 
 .16024 
 .1660235 
 .164361 
 .1471987 
 .1628489 
 .1459134 
 .134206 
 .1412094 
 .1477973 
 .1559093 
 .1561098 
 .1607961 
 .1538128 
 .1652643 
 .1688743 
 .1673512 
 .1754429 
 .1608131 
 .1580103 
 .152723 
 .1432722 
 .1344886 
 .1215371 
 .1346552 
 .1519019 
 .1484643 
 .1578253 
 .1401348 
 .1494724 
 .1576077 
 .1418382 
 .1439661 
 .1267625 
 .1250595 
 .1309444 
 .1373246 
 .1236769 
 .1073295 
 .1068632 
 .1140272 
 .1268881 
 .1326773 
 .1270262 
 .117241 
 .1080645 
 .1215865 
 .134283 
 .132749 
 .1320873 
 .13579 
 .1389483 
 .1484243 
 .1403527 
 .1336744 
 .1315082 
 .1323957 
 .1258331 
 .1253873 
 .117452 
 .1062682 
 9.068711E-02 
 8.427073E-02 
 .0963987 
 .1003246 
 .1091937 
 .1150289 
 .1278003 
 .1326329 
 .1379523 
 .1288993 
 .1279273 
 .1431557 
 .1469976 
 .1333629 
 .1460311 
 .1292606 
 .1395433 
 .1341804 
 .1199697 
 .1277929 
 .1346579 
 .1521263 
 .1477334 
 .1496769 
 .1471964 
 .1388437 
 .1319478 
 .1403629 
 .1310594 
 .1148557 
 .118842 
 .1066111 
 9.729652E-02 
 9.833963E-02 
 8.054639E-02 
 .0894812 
 8.772104E-02 
 7.713524E-02 
 7.062815E-02 
 5.460946E-02 
 3.925246E-02 
 2.342555E-02 
 3.854901E-02 
 2.218615E-02 
 3.903473E-02 
 .0216388 
 1.579861E-02 
 5.597657E-03 
 5.052094E-03 
 1.064155E-02 
-2.421329E-03 
 1.217942E-02 
 8.628536E-03 
-3.302577E-03 
-1.819012E-02 
-4.305977E-03 
-1.331111E-02 
-1.217787E-02 
-1.103306E-02 
-2.295351E-02 
-.0123617 
 5.40566E-03 
-1.052925E-02 
-2.535434E-02 
-1.353075E-02 
-3.750731E-03 
-9.519326E-03 
-4.373487E-03 
-1.637292E-02 
 8.87201E-04 
-5.312053E-03 
-2.030949E-02 
-5.842266E-03 
 7.259228E-03 
 1.104516E-02 
 1.780164E-02 
 3.444504E-02 
 2.502771E-02 
 9.009058E-03 
 2.382856E-02 
 3.612228E-02 
 2.479699E-02 
 3.244747E-02 
 3.831682E-02 
 4.258105E-02 
 2.539562E-02 
 4.190742E-02 
 5.609456E-02 
 4.648634E-02 
 4.610941E-02 
 5.934724E-02 
 .0574462 
 7.496198E-02 
 6.507403E-02 
 7.811966E-02 
 6.385962E-02 
 5.839504E-02 
 5.625109E-02 
 6.026451E-02 
 7.565996E-02 
 8.997369E-02 
 .1038944 
 9.139597E-02 
 .1043912 
 .1105888 
 .0954865 
 8.834547E-02 
 8.918136E-02 
 9.362471E-02 
 .1006788 
 9.295574E-02 
 8.552869E-02 
 .0821581 
 .0766126 
 .0812968 
 8.670323E-02 
 8.273902E-02 
 8.148217E-02 
 7.465184E-02 
 8.371237E-02 
 9.899824E-02 
 .1011808 
 8.759931E-02 
 7.875426E-02 
 9.209307E-02 
 9.739173E-02 
 .0917832 
 8.755441E-02 
 8.173729E-02 
 .0977715 
 .1019679 
 .0941646 
 .1016705 
 .1141694 
 9.948032E-02 
 .1022916 
 .117587 
 .1036982 
 .1143818 
 .1040666 
 .1214479 
 .11467 
 .1083998 
 .1088082 
 .116121 
 .1179276 
 .1239671 
 .1249617 
 .1336093 
 .1304191 
 .1270042 
 .1309677 
 .1440975 
 .1317198 
 .1160289 
 .106591 
 .1056035 
 9.404323E-02 
 .1035795 
 8.855421E-02 
 8.248471E-02 
 8.985681E-02 
 7.690757E-02 
 7.166173E-02 
 7.599083E-02 
 8.549701E-02 
 8.262873E-02 
 7.818483E-02 
 6.726732E-02 
 6.268992E-02 
 .0763783 
 7.313333E-02 
 .0583037 
 7.556875E-02 
 7.392464E-02 
 8.209274E-02 
 7.404878E-02 
 6.374954E-02 
 .0678713 
 8.415614E-02 
 9.185512E-02 
 .1014695 
 .1027534 
 .1074654 
 .1105737 
 .1168797 
 .1160345 
 .1001587 
 .1116004 
 .1191753 
 .1161569 
 .1107647 
 .1233927 
 .1096042 
 .1255575 
 .1360072 
 .1415869 
 .1428628 
 .1398646 
 .1364235 
 .1183693 
 .1096155 
 .1033401 
 .1127975 
 .1284963 
 .1323987 
 .1482194 
 .1335639 
 .1384506 
 .1463186 
 .1368635 
 .1396269 
 .1334948 
 .1311791 
 .1481418 
 .1646596 
 .1684623 
 .1693944 
 .1565742 
 .1516636 
 .1674875 
 .155327 
 .1578231 
 .1523116 
 .150175 
 .1530487 
 .1647802 
 .1563154 
 .1690146 
 .1537998 
 .1490885 
 .1607889 
 .1739232 
 .1622453 
 .1768117 
 .1923818 
 .1954767 
 .1812933 
 24 
 .8 
 .1 
